TSNE_Dim_1,TSNE_Dim_2,Cluster_Label
-0.26774976,3.9549003,0
0.12783952,-1.9559381,0
2.5537913,-3.6099186,0
-5.9782004,0.8322436,0
0.11433953,2.255077,0
-1.8507352,2.8265474,0
-2.5389109,1.4911053,0
0.6271655,-6.1822457,0
6.2320495,4.602994,0
3.5712287,-0.19695863,0
-0.45841587,-2.2317169,0
-8.131134,0.38595337,0
-1.8232918,4.5746713,0
-2.9556932,-0.53702164,0
1.2872225,4.154998,0
-5.8098807,-2.0525522,0
5.5586886,-5.071432,0
1.4254698,-5.0989194,0
6.1975474,2.8608396,0
-2.022299,0.9028585,0
-0.38274273,-0.07169557,0
-3.244232,-1.5110532,0
3.0616744,-1.306098,0
-1.060086,-0.9561326,0
-2.5647197,0.9105694,0
-3.1130426,-3.9592957,0
-0.44028974,-4.160981,0
-1.0027632,-3.1200976,0
-3.5657768,3.250717,0
-0.62165177,-1.9000336,0
-5.4162097,-1.3883611,0
5.372495,3.1218626,0
1.3818127,-4.4443407,0
4.410629,3.48548,0
-4.1330614,-1.3666229,0
4.771087,-0.19413193,0
5.135506,-6.0956197,0
-5.1951146,5.9379816,0
-0.035621334,-0.42897904,0
4.8691287,-0.20803651,0
2.219805,6.066464,0
0.8492994,-0.6318562,0
0.8021662,-3.7292225,0
-1.2200242,-2.1271446,0
3.3596506,4.31307,0
-3.377631,-1.3724902,0
6.8394084,-3.1972673,0
0.32649702,6.9183373,0
-2.65651,-6.9639273,0
-1.7068987,3.6077898,0
-4.563123,2.0122683,0
0.56821734,-1.4539646,0
0.49728328,0.7958356,0
-0.9132614,6.947077,0
-5.062255,1.3457065,0
3.1245697,-2.2473412,0
0.3841648,-2.5375187,0
3.5555966,-2.296393,0
1.6322272,-0.95840997,0
-2.178686,-0.99870336,0
-1.0074121,-2.847518,0
3.935561,2.7405972,0
5.0942507,6.4078846,0
1.0663176,-0.5214633,0
-7.1160293,-0.17667805,0
-1.8301075,3.2188635,0
-4.4581647,-2.5214217,0
0.63781637,2.9801211,0
-4.2779613,4.176239,0
3.2593932,6.6550827,0
-3.181701,2.859819,0
3.1345956,3.2316716,0
5.101857,-1.4469638,0
-6.0360904,3.8836474,0
2.1035633,5.9825077,0
-1.7601616,0.48198187,0
2.6453307,-1.186978,0
8.199374,0.17157759,0
0.23096514,1.6341565,0
-2.1742508,-0.9391604,0
2.7772174,-4.9550843,0
6.4569893,-5.5376105,0
2.4087825,5.180607,0
-0.29161206,0.3362353,0
4.825522,0.9209165,0
-3.4617465,6.2256694,0
2.428007,1.8582982,0
0.5194232,-3.086652,0
-3.0050106,-1.5347689,0
0.028608924,5.6130495,0
-1.1091667,2.0695257,0
-2.5516894,5.6847205,0
-0.97138023,-2.7279716,0
-1.6418287,-0.99000764,0
6.4516,-1.3448577,0
0.4925838,3.3713176,0
-4.5587955,-0.065115646,0
-8.270304,2.9773006,0
4.238535,3.7266517,0
-4.431839,2.246065,0
-1.0277599,4.5257688,0
-5.8905683,1.3154104,0
-1.0892997,-3.1367419,0
4.779021,-2.784432,0
-4.0336804,5.241238,0
6.0363154,-0.9953292,0
0.5215355,-3.1674054,0
-1.9477376,5.652754,0
2.472493,0.22264482,0
-2.0207155,0.410134,0
-1.3275216,0.5057697,0
-5.6579685,-5.536689,0
0.6503558,-0.22209038,0
-1.2215506,-3.978764,0
-1.70212,-2.1543674,0
-1.3056432,5.0850697,0
-2.1027412,-6.5976067,0
-3.2825284,0.23768324,0
-2.1868894,1.671061,0
4.8243933,1.4567395,0
6.678724,1.229266,0
-1.3324144,-0.043947145,0
-3.6127577,5.79158,0
-2.2975368,0.15521981,0
-6.549123,-3.012639,0
6.907109,2.8933492,0
4.7884374,0.36633125,0
-2.7411911,-2.907137,0
0.89409924,-0.39580023,0
5.760395,3.1663322,0
-0.56126785,4.564433,0
-6.036788,6.4464583,0
1.9265609,2.385951,0
-0.57541484,-1.4761304,0
0.15217121,0.04551326,0
-4.548854,1.2261137,0
1.3255597,1.2471067,0
4.771219,0.022672981,0
-1.3763164,2.8702424,0
-7.1106305,-4.474117,0
8.452212,0.18734403,0
5.7118273,-4.5020566,0
5.7309804,6.74807,0
2.6267893,1.4352906,0
1.611412,-2.5795968,0
1.1200616,-3.1652744,0
-6.5366144,-1.4177991,0
1.6276836,-3.1256852,0
-3.443498,3.168095,0
-2.902228,-5.6022496,0
1.0400685,-0.7833396,0
2.5397868,7.4635596,0
-1.6267134,1.3409983,0
-1.1799246,-2.5418694,0
0.18757449,0.122826956,0
7.56589,-3.8919692,0
-3.0213692,-0.5742591,0
-2.0227084,-0.13823639,0
2.6360765,3.1098983,0
0.58278006,0.3291451,0
3.860198,1.3159665,0
5.191283,-4.678287,0
4.8319893,-1.3988644,0
-4.2958727,0.62599355,0
-2.1189423,4.4297113,0
-3.4697294,-0.08935664,0
-3.591275,-1.6800647,0
-1.2401363,4.597521,0
-0.9531216,-4.031749,0
-5.2662883,-1.9202514,0
0.05865557,2.8424659,0
6.558992,2.100851,0
-0.31540978,8.19283,0
1.7820297,-1.1543658,0
-0.5332745,-7.953219,0
-5.393011,-4.836962,0
-2.8687716,2.9212885,0
3.5828876,0.6512969,0
-3.8368444,-0.6649677,0
0.9510702,5.313539,0
7.7349076,-1.0503999,0
6.938887,-0.83190167,0
-4.2132773,-0.5203854,0
2.1510048,2.4279444,0
-0.29633194,1.6647061,0
-5.1092787,-5.242013,0
-1.4145819,2.175972,0
0.5618051,-4.819706,0
-4.5831757,5.9165764,0
-1.5404193,2.7407897,0
0.19405074,1.7586175,0
1.3879458,3.8628204,0
2.0891628,1.2776018,0
1.5537469,1.8730605,0
-4.686558,0.9178222,0
3.0203338,-0.115752645,0
-4.751558,1.2484788,0
-0.7474344,-0.56298625,0
3.3852644,-4.1299186,0
0.6271174,4.415069,0
-1.9553819,-2.764175,0
-1.4778072,6.3374267,0
6.012182,0.23078686,0
-2.222537,3.6485033,0
-6.897781,-3.546759,0
3.2463346,4.6812944,0
-0.15765446,2.3653252,0
4.292935,6.1792927,0
-3.5260122,-2.3979874,0
-2.4491198,5.7192664,0
4.077026,-0.4804572,0
4.917914,4.2504,0
-2.9365819,-5.4769044,0
-1.6519943,-4.3489075,0
-1.5821987,2.4552832,0
-2.9261155,-4.349318,0
4.096354,7.845705,0
2.4104548,-0.40181702,0
-4.6284237,-0.7602698,0
0.69971496,-3.7100036,0
1.4503024,-6.756133,0
3.7627647,-6.439168,0
-1.4937096,4.49829,0
-3.048097,-5.2008986,0
-5.6694226,-1.8260304,0
-0.2762539,3.2946627,0
0.52764565,-2.6886287,0
-3.6318643,1.5797702,0
-3.341638,0.6693425,0
-5.3512983,0.46320915,0
2.746577,0.41468439,0
-4.416908,6.226942,0
-5.054064,2.6524155,0
-2.500469,-1.175778,0
-2.5203292,-3.2376902,0
0.38954172,-5.1972218,0
-0.9990467,2.996721,0
-4.428111,3.867585,0
1.6739587,-4.5046206,0
-2.9882436,0.3746366,0
0.89833325,2.4766936,0
-2.5023212,-0.61782837,0
0.45101804,0.49928537,0
-7.1508484,-0.0484379,0
0.23591878,5.150694,0
3.338962,-3.1399767,0
4.259179,3.8003716,0
-4.855462,-0.4320268,0
1.2130365,6.3691845,0
-3.1118364,1.2882657,0
-5.0314975,-1.6703107,0
-2.416684,4.28028,0
0.7809608,5.022437,0
0.8102421,3.2956743,0
0.85776013,-5.4123178,0
-0.83722556,-0.5720374,0
0.03951233,-5.52612,0
-2.000654,3.0067916,0
-1.0325748,-2.1601405,0
-0.034986872,-2.4039016,0
3.3110363,6.05943,0
1.5149838,-1.7225554,0
1.8535106,1.878914,0
-1.8498833,4.197757,0
4.224581,0.020410314,0
-5.3254375,6.083012,0
3.6546962,-4.678102,0
-2.8875659,1.3275753,0
0.40477005,-5.472011,0
-0.6812695,0.7096575,0
-4.8963466,-0.5346163,0
0.36546665,-6.453308,0
1.731164,7.7409487,0
-1.6534402,-5.489654,0
0.7648104,1.4906058,0
-4.583667,-0.24917573,0
0.31855595,-0.52922976,0
-4.0069084,-1.4371209,0
3.8386288,-0.06569116,0
5.209852,2.2038646,0
-2.3761733,-5.873226,0
-3.2260666,-7.4512916,0
-5.474412,-2.2306206,0
4.1819363,-6.272383,0
-2.4340494,0.49785918,0
-0.50553405,-3.6915448,0
-2.6171782,-3.5274785,0
-2.8583639,-1.3091255,0
0.23526828,2.8271806,0
2.6378937,-1.3663297,0
4.3881288,1.5877061,0
5.601182,-0.06467033,0
-6.976605,4.955883,0
2.0134993,-0.080751404,0
-2.363086,-0.03155592,0
-7.141101,4.1672215,0
-5.9866023,-1.5646138,0
-0.17205156,3.078013,0
-6.281958,0.9458823,0
0.056435373,-2.1747186,0
-3.2209666,0.22712715,0
-0.04697241,1.3287805,0
-0.55855125,-0.5458747,0
-3.0242074,3.4289532,0
1.4447645,-0.60844004,0
-3.4078162,-4.3681245,0
2.4494147,4.931809,0
0.7370005,-0.53168076,0
-0.8733576,-1.078467,0
-2.287719,3.5575395,0
-7.415834,-4.2009516,0
1.8399789,-0.23446265,0
3.0921273,-1.5698667,0
-1.2911806,0.7606538,0
-1.1235675,2.0567172,0
1.7648968,7.7950773,0
-2.9683406,3.658842,0
2.8220143,-0.808513,0
-0.11798875,8.071776,0
4.1709924,-3.2701578,0
-1.3042027,-3.8868747,0
-5.8307743,-5.7713194,0
-2.3424745,5.6760345,0
-1.7456548,5.3470507,0
-4.316161,1.8718984,0
0.84489775,-4.423765,0
-0.467447,-6.078123,0
1.503398,3.859523,0
-3.7414663,4.205161,0
-5.673995,-0.67090374,0
1.5893699,-2.8795025,0
4.4083633,-2.4149687,0
-5.3403125,0.56640786,0
-2.9937901,2.8571773,0
-3.7403207,0.9899358,0
-1.8752334,-6.8095636,0
1.8457575,-4.70554,0
-1.0260543,-2.1880393,0
2.2188897,1.952915,0
-0.42316732,-5.7460585,0
2.6347308,1.8271334,0
-1.5588751,-6.131859,0
-0.18974033,2.1086385,0
-5.5234203,0.017409964,0
4.7088,0.5085779,0
-2.4563615,4.0133977,0
-4.358867,0.10371887,0
1.7896813,2.6273713,0
5.9951982,0.02363031,0
-0.16633414,-0.6232018,0
-2.5966542,-5.4329433,0
-2.2075152,5.0078034,0
-0.26772088,-3.7195773,0
4.0586615,-3.2278264,0
2.1906989,-1.5988917,0
-1.2172642,4.987664,0
-2.480937,4.9022408,0
3.3859134,-4.8760357,0
0.27548602,-5.0239944,0
0.06943958,-3.4618535,0
-0.24963406,-6.0800457,0
-5.486704,4.8323736,0
3.5749278,-5.001226,0
5.3888774,0.4501947,0
-5.4305377,0.10462831,0
-6.867329,-2.6256254,0
-3.4328914,6.3805695,0
-0.76718456,-5.109594,0
-3.8239098,-2.5254433,0
-7.115522,-4.4860325,0
-0.9584283,-2.4381065,0
-1.9000831,8.0295925,0
2.5178745,-4.6044188,0
-3.2105963,-5.4288397,0
1.5553414,3.261585,0
-5.573742,-2.824593,0
-7.3454275,-1.0136918,0
0.66016054,-4.965282,0
-4.8955264,-1.5394281,0
-3.719084,-6.065554,0
1.0672244,-1.3350024,0
-7.662249,0.9586216,0
-1.2293344,-2.566105,0
-1.399147,3.8858624,0
-4.633162,5.0942883,0
6.6429915,4.072839,0
-0.012986043,-1.996721,0
-7.7537813,-1.9467506,0
4.4525023,-5.374706,0
-1.129615,6.0851374,0
-4.298198,-0.027698297,0
-2.776637,-0.51594055,0
-1.6912614,-0.93406075,0
2.0917196,-7.6714864,0
-1.6920791,0.98791105,0
-4.810955,-1.614708,0
-2.6954029,-3.3335037,0
-2.0164778,-2.601483,0
-3.5693655,-1.3197893,0
-1.0176053,0.84944606,0
3.3788104,-2.025189,0
4.317079,0.31702337,0
-1.1196606,-1.6755757,0
-0.9913162,3.3979392,0
2.3264272,-0.8161181,0
7.75758,-1.4279357,0
-2.0185478,5.2390885,0
6.7491155,1.008374,0
-5.312109,1.3021983,0
-0.7636558,5.8210654,0
0.5852166,1.7573537,0
-0.7954327,-1.0001845,0
1.7789415,-1.4698961,0
-2.172126,3.780245,0
0.7297899,0.14361353,0
0.06819683,-3.1780753,0
-1.6807679,2.8947682,0
5.0487156,2.6068704,0
3.608961,-1.0384699,0
-1.4345459,0.96763366,0
-1.8416982,-1.8848077,0
6.2221336,4.6566744,0
4.4007735,-3.742909,0
5.0653505,0.25745133,0
1.6288455,3.8322587,0
-3.3358948,-1.2420704,0
1.4440147,5.150569,0
6.5081654,0.5289234,0
5.4437904,-0.8852322,0
-1.9605284,-2.344276,0
2.3001747,-4.8217077,0
2.384179,1.8399447,0
6.5124083,2.0061786,0
7.7200727,0.55856705,0
6.0476623,-2.7956111,0
-0.45566946,-1.8262258,0
-0.18770602,0.5358152,0
3.425744,-3.51568,0
6.479567,2.637939,0
-8.070807,-0.6477536,0
-2.6535418,-3.2816336,0
-3.8274574,-0.035539012,0
-7.6981807,1.8020586,0
5.500247,-3.3462949,0
-2.9560258,1.7554202,0
2.6887274,6.398192,0
2.55534,-3.0762012,0
3.1573055,-2.5247798,0
-0.7204323,0.50848436,0
-1.1717776,-3.467488,0
1.8680861,5.738957,0
-5.8569427,1.1293155,0
-0.11369003,1.1149668,0
-5.162314,1.3895978,0
0.6284686,1.7030764,0
8.068938,-2.4107025,0
-0.5626381,2.5954516,0
-1.776999,-3.0621102,0
-4.2322884,-2.6185656,0
0.8944731,0.8910245,0
-5.8346004,-4.12419,0
-3.9328372,-3.8009727,0
0.8383597,-0.21704079,0
4.7562585,-1.129007,0
2.7700007,1.3038651,0
-8.783523,-1.8736966,0
-0.3623186,3.417976,0
5.693341,1.5441076,0
-3.1063082,-0.820606,0
-0.023776343,3.2067363,0
4.9001403,6.356617,0
1.2345825,5.4967303,0
-4.486489,-0.18882027,0
-2.079963,6.0226145,0
5.830361,1.9506928,0
0.037775714,3.264295,0
2.0241857,0.09731782,0
1.9229677,-2.1115851,0
-3.8164198,3.2322361,0
2.881213,-1.5990818,0
-0.14416948,3.9179335,0
-3.1618543,0.23285128,0
-0.3909638,-3.8808541,0
-4.0439687,2.78604,0
4.368161,-0.7133472,0
-0.8097671,-0.799427,0
-1.3640673,-0.6709114,0
3.021736,-0.06302333,0
-0.23749311,-3.7764769,0
5.953152,-0.08489811,0
-1.4855653,0.3385929,0
0.28572032,-1.2636956,0
0.9651139,1.6496005,0
-5.2590475,1.1147193,0
1.4238567,-3.553742,0
-3.9761095,-2.6714618,0
0.4941439,-1.6726255,0
3.281461,-0.49757904,0
1.520663,3.2648845,0
-4.857104,3.7412722,0
0.053936552,-6.1065927,0
-1.0127774,0.9610658,0
5.7338305,2.5981095,0
-1.6354266,-6.7277565,0
2.4867547,-4.4050756,0
3.5941725,-4.1734185,0
-2.4973242,-4.193452,0
-2.0223677,-3.1692564,0
-2.8805432,3.7042387,0
3.772534,-4.0265384,0
-2.0624611,-0.122999854,0
3.587209,-1.5242321,0
-2.03448,0.65470374,0
3.309897,-2.830313,0
2.7907894,-0.4034831,0
-1.5760918,-3.7795792,0
1.6617476,-1.4192276,0
0.49118197,4.235323,0
-3.2458277,2.6285768,0
-4.210916,2.5739949,0
-0.54523534,-6.422891,0
-2.882998,-1.1865104,0
-1.234444,-4.7478213,0
-6.9246545,-1.5240214,0
3.3416367,4.8100557,0
-0.57078695,-3.7820716,0
2.9483955,-7.590262,0
-2.1297686,0.31631014,0
-4.484301,6.4910803,0
5.1508856,-0.6279006,0
0.1487914,4.0882564,0
2.2510622,4.4988623,0
1.7496791,-0.17792347,0
5.153995,3.8225207,0
-2.5957706,0.015312986,0
-5.7630043,3.4690905,0
2.6394107,2.9845421,0
-0.97195643,0.72308815,0
2.4531329,-2.470403,0
-2.1916637,0.9510611,0
3.1135256,-0.5974104,0
-5.024813,-0.5497295,0
2.4410253,-4.8598785,0
0.8399423,-0.18035255,0
-7.9498544,-3.2582905,0
7.058839,0.26133254,0
-2.5599685,-1.3137391,0
-3.3418355,-4.2183924,0
-2.3892262,4.9247084,0
6.4986677,-2.0030854,0
1.0519867,4.1399174,0
-7.816125,1.6545142,0
-0.19303845,-1.5890989,0
-0.058164544,-2.9952078,0
3.7189844,-2.8477342,0
-2.130214,-3.8742561,0
-0.2712019,-1.3497941,0
7.0847526,1.6740272,0
4.8411093,2.0984964,0
0.5003636,0.9134108,0
-2.4614909,-4.1575723,0
-1.2059733,-0.7666569,0
-1.5024807,5.714358,0
1.0302095,-3.5219517,0
-3.4728816,0.8259332,0
-2.8118343,-0.5898349,0
-1.9130496,-1.2996649,0
0.48528674,-6.1448355,0
-1.0299879,3.0400965,0
0.7618343,-4.6001425,0
2.5039139,-2.9424655,0
3.5382118,2.9080865,0
2.9115703,-3.320366,0
2.283495,1.5457522,0
0.82929856,7.3399324,0
-3.4831889,-7.641807,0
1.517524,-2.8450062,0
4.941073,-2.284943,0
-1.7557365,4.872444,0
2.3640237,-7.654826,0
-0.37365922,3.9922547,0
-1.4230793,1.8794668,0
0.8212369,1.5376374,0
0.6522806,-6.4930654,0
-1.0037048,3.7821393,0
-0.32510006,6.8922076,0
3.2469733,1.5396137,0
0.2602463,3.0300002,0
-8.224738,0.47960028,0
0.8695994,3.2361236,0
1.9047686,-1.6028543,0
-1.75355,3.271155,0
-3.6339877,2.2744641,0
2.1820257,-1.037058,0
0.65056497,1.5699573,0
-0.020215245,3.8346808,0
-2.8011992,0.6819683,0
-3.8729997,0.13558128,0
-0.989607,-4.9660935,0
2.2459915,-0.5528196,0
2.1436832,2.228951,0
2.1411989,1.3682855,0
-4.9164457,-6.30606,0
0.0836027,-1.6486007,0
-2.8950288,3.9171736,0
-3.0844047,0.2427701,0
4.1901073,1.376832,0
-1.6127796,-3.444065,0
-2.4539027,-2.462227,0
3.5548987,-1.1163379,0
-2.798219,0.80904794,0
-0.19758072,3.6867242,0
1.2884771,2.4014683,0
-1.7907468,2.4268956,0
-1.197766,-1.4410046,0
3.8806586,2.8354201,0
2.6290765,-6.9039116,0
-5.0270844,1.9155527,0
6.938559,-3.275867,0
-6.1383553,1.8358732,0
1.1600753,-2.134721,0
-0.118971385,6.1352406,0
-7.113125,-1.3016764,0
-2.492235,5.425301,0
2.7712433,-1.2277098,0
-1.0311396,4.7713428,0
-3.4656858,3.6523614,0
2.3122873,2.7197895,0
5.5598025,-1.768173,0
2.8063738,2.4509325,0
-0.27190468,-4.216318,0
-7.000885,-2.5985842,0
1.3052021,3.7616282,0
-2.2484217,0.81279045,0
-2.6371593,-2.7482016,0
0.41823977,-2.7188842,0
-5.3676343,-4.0640903,0
-0.28849816,0.69300944,0
-5.922451,-2.0183923,0
2.1391232,0.8911849,0
0.4055958,1.3443662,0
0.08267852,-1.9491132,0
0.16505414,-7.780219,0
6.5021753,0.9042557,0
0.66886425,3.311788,0
6.4860907,-1.4646956,0
-0.70925444,-0.69856566,0
2.9683864,-2.494825,0
2.3564374,3.8800123,0
2.3257167,-1.8868202,0
-1.6098646,2.873843,0
-2.5688984,-6.358556,0
-2.8889432,6.361841,0
-5.3780417,4.193472,0
2.8079162,-0.6987827,0
0.3448523,-4.435579,0
2.934294,2.2952583,0
-0.5715455,3.7602324,0
-6.084986,-1.4923863,0
-1.3009627,-6.0295525,0
3.546892,0.28111014,0
-2.247954,2.8102882,0
-2.8534503,1.0718843,0
-4.0529547,2.2916372,0
0.76447123,-0.096095905,0
-3.0431938,0.4920558,0
0.4316338,-0.2478905,0
-4.250582,6.1836114,0
3.4996095,-0.66650826,0
1.6645502,4.979305,0
-0.7616968,-7.2130284,0
-1.7079809,5.537137,0
-3.366576,1.2035984,0
1.7014818,-6.659208,0
0.078132555,5.8550253,0
-0.7503488,-6.615474,0
0.017779417,-1.6095132,0
0.22658232,0.37859353,0
3.7985394,3.1815567,0
-5.1997075,-0.94103247,0
-3.9006412,-0.49209958,0
-2.1918204,3.6060371,0
5.2931495,5.6468472,0
5.4466786,-1.1018156,0
-4.2421913,5.2062845,0
-2.8797843,2.0809443,0
1.5852356,2.367686,0
0.58876204,-1.395285,0
-3.1217232,-2.5583053,0
1.5374163,2.231044,0
-0.8038201,2.529934,0
7.423025,1.343506,0
-4.876416,-0.11439513,0
1.1367404,0.10202882,0
-3.9248157,5.3228045,0
-3.332701,5.3465443,0
-0.031996362,-5.3287835,0
-6.9837794,3.6487398,0
-6.8387995,-1.6524429,0
1.9504008,-5.8569803,0
-1.6859611,1.1551874,0
4.631081,1.2584416,0
-5.1142464,0.12469904,0
-4.247831,5.2465553,0
3.1829078,-2.2840421,0
6.656331,-0.78897417,0
-3.4145226,0.54666036,0
3.5160437,-4.320492,0
-0.038897015,4.3416915,0
1.0526668,-0.632447,0
-2.6741269,-3.4263518,0
-2.623887,1.7432748,0
-1.6974553,2.4218817,0
2.420116,-1.934558,0
1.7921697,3.7131834,0
2.1108127,4.4170327,0
-0.7042098,4.8583302,0
-1.6893414,4.2293773,0
1.8376358,0.63884133,0
0.98025334,-5.987953,0
-1.3422744,2.6775334,0
-2.8647132,-0.7181396,0
2.9422874,0.7609948,0
6.6787043,2.3438015,0
-0.9958971,0.29639933,0
2.0002365,2.590695,0
-1.1838348,0.46655527,0
-1.633511,5.694369,0
0.98915124,-0.6896547,0
-7.9698963,-0.7515774,0
-5.9869924,0.68402153,0
4.3233843,4.34921,0
5.074602,1.1864216,0
4.3624697,4.5454435,0
2.927198,1.6240554,0
-3.4522352,0.3345517,0
-1.2998294,6.5303693,0
2.1891418,5.90488,0
3.8236604,1.0883828,0
-3.1403475,3.337305,0
5.3024516,4.3505874,0
2.6908476,0.5761068,0
-0.06583558,1.0536159,0
-2.2866063,-0.04579749,0
3.8530493,0.3370339,0
0.8892776,8.36862,0
2.8632793,-4.895743,0
1.0074927,-0.4234968,0
-4.854409,4.207496,0
-4.1423507,-5.209626,0
-2.9793615,-1.6694176,0
1.4603745,-0.19984898,0
-6.677084,-0.085073754,0
-3.273988,0.60850424,0
-3.2464118,-1.9402679,0
4.3346953,1.9084656,0
-6.2794857,0.10926113,0
-2.0909917,4.0713835,0
4.025515,2.7092493,0
-1.4292768,-6.405414,0
0.60087323,-4.20744,0
-4.834798,-7.2787695,0
-3.2421434,-2.0117972,0
0.94651574,3.2021904,0
-4.51768,-2.3519933,0
1.4072201,0.93002385,0
1.910581,3.665193,0
1.264806,-2.65362,0
-2.1849422,-4.587062,0
-5.320044,6.344711,0
-4.2925205,-1.5798235,0
0.34552047,-2.7472072,0
-4.0625663,2.1562622,0
0.8417794,0.08499419,0
-1.5243524,0.5629344,0
-7.131527,4.1917653,0
0.9234825,-2.1393955,0
-3.2947927,1.5526059,0
1.0449597,3.4896007,0
1.1328701,5.3801928,0
-3.1658428,-1.7579798,0
-4.4436398,2.1240685,0
-6.726331,-0.13549931,0
1.8474723,4.9894013,0
-1.264122,-3.8236923,0
1.6417875,3.7692049,0
-0.43756244,7.3015194,0
-3.4680388,-4.1659875,0
-2.0606697,-3.7983541,0
-1.1868813,-0.63481486,0
-1.3222274,-0.3670398,0
-2.0664225,-2.0937364,0
2.8603423,-2.02199,0
-1.4547523,3.930528,0
-4.151352,-4.460303,0
-2.4337134,-1.8077297,0
1.6322361,0.3043679,0
-4.4916534,1.5501077,0
1.2491004,2.1757529,0
5.4819226,3.491373,0
-1.3708881,2.7428534,0
-2.9935026,0.6952611,0
-1.4808781,-1.6520295,0
-0.33733633,-2.6762133,0
0.82327193,0.8884363,0
-4.711873,-1.2989777,0
-5.285685,5.0187035,0
2.5009372,1.3607482,0
3.9258897,2.182653,0
4.0371118,0.09812269,0
-3.288673,-6.7030025,0
-2.84159,-4.3951936,0
-5.4501967,-0.1319553,0
4.4454713,0.442915,0
-1.8726933,0.0055115107,0
-2.3495953,-1.1814818,0
2.9957879,0.3890308,0
4.870385,-1.8939196,0
-3.5893848,6.457518,0
-0.40856287,-1.9193853,0
7.9881225,2.210187,0
3.663239,4.6319323,0
3.9783003,1.612414,0
1.4778318,2.583838,0
5.5782576,-0.35080853,0
-2.0245538,-2.1846948,0
4.0876384,-3.2568026,0
0.7515341,1.5682461,0
0.9791073,2.368509,0
0.057429332,-5.284234,0
7.3257933,2.797062,0
-5.0705404,-0.060550813,0
5.4739466,-6.0370617,0
-3.3003087,0.6684814,0
0.22660002,2.8470428,0
-3.0012696,-6.5562425,0
0.80904484,-2.8722646,0
-5.6991806,-0.31892985,0
7.720274,-2.8618276,0
1.4682187,-0.6194418,0
-1.2384137,-1.9283233,0
-2.3429034,2.5967133,0
3.9044151,-4.19494,0
1.7900066,-2.9555616,0
-1.8103182,-2.6761808,0
4.0960865,-1.3723766,0
-0.3070493,8.242617,0
-2.9109616,2.0123675,0
-1.1972158,-5.3430023,0
2.5020788,-0.79516333,0
-2.0866823,2.1901062,0
-1.4975232,-2.043494,0
0.27417365,-3.6612046,0
1.8442281,5.092462,0
-1.1571172,-1.5997373,0
-0.039884698,-7.9263916,0
1.1118472,-3.4681127,0
-4.748247,-3.6328046,0
0.72842187,7.7745757,0
-3.0859747,2.0898654,0
-0.13720831,-0.77824706,0
1.0388229,-0.9155903,0
3.4347389,3.7073267,0
-6.1226187,0.078477375,0
6.484189,-6.0443435,0
0.99955696,-3.0781667,0
-3.1470506,-0.8381072,0
5.778454,1.1883076,0
7.3749127,3.7403262,0
1.2125329,-2.1648946,0
-3.32832,-2.7477102,0
-0.1633001,-6.9307017,0
1.5283757,3.3104272,0
-2.4159007,1.6849972,0
1.0792713,1.3302634,0
0.60483223,-3.4738193,0
4.0756702,0.4428481,0
4.781797,4.666535,0
-4.713209,2.934921,0
3.037714,0.4099125,0
0.90974844,0.14724028,0
2.157869,4.168246,0
-3.721956,-1.6399971,0
1.556089,0.02001286,0
-4.025074,-1.506922,0
-4.4098206,-0.1188773,0
3.1369038,-2.9453094,0
1.3832949,-3.3700275,0
-1.9151583,2.150756,0
-4.358438,0.31938308,0
-2.476433,-5.873917,0
-2.039649,-3.0128503,0
-2.4702435,0.07253802,0
-8.821159,0.5950321,0
-0.6591291,-1.7554158,0
6.100688,1.783091,0
-3.553891,-3.0977988,0
-4.0925198,-1.4947805,0
0.8089539,-0.91144943,0
6.98563,3.47615,0
-4.870305,-4.5039406,0
3.003171,-4.252941,0
0.020877266,2.7388227,0
-0.46897006,0.7381331,0
4.295561,1.218097,0
0.8606694,5.3325024,0
3.8190253,3.8062913,0
-3.302829,5.1586323,0
6.4289985,3.4119704,0
-4.4921966,4.261879,0
2.7646322,6.0882053,0
-1.4992085,0.57717526,0
-6.425247,3.3419697,0
2.1557791,3.91418,0
-1.6250598,-1.7970775,0
-2.7291987,1.5686969,0
-4.4193,-0.10021894,0
5.476429,-1.1755712,0
2.3666797,3.2225614,0
-0.536629,0.020738127,0
-0.37354913,-3.0694146,0
-3.267487,-0.19928794,0
3.283716,-3.9916005,0
-5.924338,3.8395042,0
-4.671414,5.0656075,0
-8.110259,2.0845377,0
0.57619816,7.19155,0
0.0009444961,3.8491073,0
-1.8716563,-3.447945,0
0.994659,1.8177452,0
-0.15162328,8.109202,0
-5.752079,-4.095444,0
-5.299559,-0.6829546,0
1.023327,2.0387256,0
-3.9779537,0.91520613,0
1.98246,2.960193,0
1.0755999,-1.1146286,0
2.279753,1.4064099,0
6.421484,4.8415923,0
-2.1899672,3.9725652,0
3.6868567,-4.081275,0
-3.4201534,-1.0567199,0
-1.4263866,2.7867162,0
4.226803,-1.7397888,0
4.8986864,-2.9647298,0
-0.3839068,5.257423,0
-6.6366706,-2.199441,0
0.48347312,2.17116,0
-1.557319,-1.933769,0
5.964029,3.745549,0
2.3305776,3.5095096,0
0.6485537,-3.277944,0
1.3919877,-0.7821323,0
3.3942018,-5.439966,0
-4.0116663,1.6522323,0
-0.7908212,-0.32453713,0
-0.91068643,-3.770072,0
-5.6353645,0.5345334,0
2.1775324,5.846864,0
4.556148,0.733789,0
6.621633,-0.8093179,0
-1.1945108,-4.8140836,0
3.3922932,3.5095985,0
-0.44204003,-3.06059,0
3.0191495,-0.5807563,0
-0.57072943,7.980347,0
-1.7344487,6.6044126,0
-2.9861279,4.294865,0
-0.24650268,1.7001672,0
-1.7413906,4.6861944,0
1.1274221,-0.2673247,0
0.34565803,-4.1675205,0
5.071634,-0.14308439,0
0.6750746,0.1862438,0
-3.4634526,-4.1473093,0
-4.9144726,3.1825757,0
0.18707512,3.5377188,0
-0.6318179,0.20590718,0
-2.1548007,-5.1073537,0
-4.6468472,-1.7741505,0
2.734694,-0.17768633,0
1.3610842,3.5449913,0
2.2190897,5.7908707,0
3.792145,-5.479015,0
2.820556,-0.9222265,0
-0.5222337,5.962842,0
-2.3759332,0.45614237,0
1.3036475,-3.3972144,0
1.3543557,-1.663431,0
4.81797,1.878194,0
-1.6006532,4.631438,0
3.068911,2.1901822,0
-1.5124767,1.9498972,0
4.9313593,-2.7574294,0
-4.863372,-2.4179993,0
0.13828857,3.6997702,0
3.1980274,-3.7230887,0
-0.43282747,0.7263723,0
-1.5546488,2.7562597,0
0.44825006,0.2310371,0
2.275253,4.433257,0
1.9572848,2.1386817,0
-2.3973749,5.128943,0
-5.890609,1.8255035,0
-2.76483,-3.5771005,0
-3.3130336,-1.542572,0
-0.80622613,-3.9698246,0
-6.8300996,1.796315,0
3.80959,-0.60532784,0
1.4635832,0.8560809,0
-0.9649875,-3.1244633,0
0.31044117,4.838757,0
0.86778486,0.8818693,0
-2.499112,-1.9460133,0
0.099568404,3.8874295,0
0.0026618957,-0.8789969,0
-0.7302092,2.5802548,0
-6.2137527,-1.3704962,0
5.607264,-3.6641753,0
0.9643484,-4.6841927,0
3.0429995,5.0273957,0
0.88340974,-5.8668017,0
-1.7552284,2.2344515,0
-4.6249795,3.8900685,0
-2.089343,1.7521111,0
4.0737324,-2.2831504,0
4.4684377,-4.0176663,0
5.8744226,-2.7279496,0
-4.734941,-2.3389077,0
-5.2143493,-4.418653,0
-1.2016156,2.3411524,0
0.9961744,2.6182377,0
-1.4491163,0.46201047,0
6.465457,0.7211442,0
-3.669346,-0.9538566,0
2.5892277,-2.361277,0
1.3130772,4.3121753,0
1.5797752,5.000404,0
-0.5969456,0.71045387,0
-8.779627,-1.8803983,0
1.6249517,2.0464294,0
2.9641497,2.8057122,0
-4.1193695,2.8103387,0
0.21096286,-1.260742,0
-0.31934077,-3.291553,0
-8.402091,-0.31231368,0
1.3970279,7.7436247,0
-2.32003,-1.2645732,0
-0.81481475,0.13747719,0
2.279997,-5.6717105,0
-1.0006803,0.99049723,0
3.8361843,1.3249367,0
1.7690456,-0.5723979,0
-2.1419888,-1.7309517,0
2.0424645,1.7205489,0
3.2118235,0.8978956,0
3.4206347,0.0682459,0
-2.8890927,2.1714513,0
2.899945,0.6260445,0
4.298371,-3.116054,0
1.7608379,3.860403,0
-5.9905725,1.8244331,0
1.907535,1.5563314,0
4.6940002,-5.729095,0
-0.46122503,-1.0641704,0
-4.772723,1.7110964,0
-5.9750657,0.8334296,0
-1.0989956,1.0480182,0
2.0878005,-0.8209192,0
2.6500463,-4.3267303,0
-2.1453078,7.3786154,0
1.8105891,3.0408738,0
-0.7236335,3.8810089,0
-2.5302038,7.437469,0
3.8499207,1.7763987,0
-1.6888363,-0.5455331,0
5.868174,-1.0356007,0
6.469614,-3.1832566,0
1.5225879,-4.3469386,0
-1.5071759,4.5519547,0
5.305789,4.4618807,0
-5.0982285,-2.9206626,0
0.36984444,-1.7310132,0
0.06656474,-0.64183044,0
5.816713,1.1548469,0
3.9323068,-4.181156,0
-3.7090936,-0.6758981,0
-2.3795846,3.8833888,0
2.148832,0.6742995,0
0.5718454,-3.9828515,0
-7.9040747,1.6697502,0
0.096513644,1.3190156,0
8.449704,0.190106,0
5.8748164,3.0786827,0
1.7979482,-5.2114887,0
-2.1535304,3.0731738,0
2.4955454,4.0553327,0
-1.2757035,-1.6772947,0
5.1458077,2.3731296,0
-4.117205,-0.71320736,0
2.661697,-1.9712968,0
-3.6784697,-3.1178975,0
5.111504,-2.1294177,0
4.5748596,7.0663075,0
-1.1458473,-0.48244253,0
0.44161025,-0.70693433,0
1.1399018,1.191942,0
-0.90307385,-1.5683136,0
4.954081,-3.2029023,0
6.451131,3.7096474,0
-4.8467994,-5.985432,0
0.82622755,-5.771327,0
-6.069682,-0.9176585,0
-1.3304964,-2.6463387,0
-6.0712543,1.8963996,0
-1.179256,5.425334,0
0.9350523,0.40546545,0
-5.1544504,1.9920366,0
-1.8829161,-1.330965,0
5.6524873,4.6363497,0
-1.165747,-5.017104,0
2.602538,3.9856446,0
-3.440009,-1.1606413,0
3.1361935,2.1288807,0
0.27464762,-2.1211753,0
0.22989225,-4.059814,0
1.0359075,-3.481831,0
5.968852,4.2257233,0
-2.3898304,-0.5967049,0
0.3664898,0.529173,0
-5.9404774,-3.9959786,0
5.8059096,-0.16191432,0
4.0454116,-4.303745,0
-2.412163,-3.6453986,0
2.8195398,2.8142378,0
1.8868908,6.969209,0
4.093946,1.0384147,0
-7.7933497,-1.3419756,0
1.3452637,-5.8738422,0
-1.0218947,-4.3872766,0
7.092929,1.5744939,0
-0.47547644,-1.5503875,0
-0.30550724,4.2332597,0
-3.0175192,5.3227077,0
1.2063472,-0.04435234,0
-4.3251104,3.9011235,0
-3.5423543,-2.1709452,0
-5.3900576,2.8436544,0
1.3073834,7.18873,0
-5.0699573,3.075572,0
-4.6061435,-2.52883,0
-6.343854,-2.4545379,0
-0.6898704,-4.459054,0
-1.3257751,4.0283065,0
-0.8513733,1.1591203,0
6.549818,-0.81343395,0
-1.8082592,1.9735521,0
0.64395744,0.55353683,0
-4.118008,0.33375326,0
3.5691097,-4.5699763,0
3.657628,4.718508,0
-4.61107,-1.2947739,0
0.41279253,-0.3834194,0
-1.22819,4.993554,0
2.4923413,0.4322056,0
1.1681814,-3.2185073,0
-0.44899198,1.6862147,0
1.8000507,5.310635,0
1.2163129,-0.5329486,0
6.08625,2.6002457,0
1.0111487,4.561675,0
3.027225,-0.9917856,0
0.39514115,-3.1535883,0
-3.6788285,2.2665408,0
2.195088,-0.7829767,0
-1.6226597,0.9509728,0
1.8625873,-2.0167377,0
1.2170153,2.109438,0
4.3658314,0.23863949,0
-4.98463,2.0066042,0
1.8180479,-3.0254261,0
-4.2422585,2.7865515,0
3.203405,3.384693,0
-0.5365015,3.81458,0
4.2113442,-3.7047215,0
-2.7517173,-3.5998173,0
0.4345163,-4.0599666,0
2.2617548,6.7326484,0
-1.5076841,-3.312086,0
-3.6865664,-0.29190263,0
-1.8064721,-3.295966,0
-2.0064495,-3.0962787,0
-2.956115,-6.8754516,0
1.1553783,-4.2576,0
2.6932209,-3.463081,0
3.214352,5.5837865,0
0.48139754,-1.5741389,0
-4.2119055,1.6840501,0
0.8569396,5.2651353,0
1.3847476,5.964059,0
-4.878266,-2.8788295,0
-2.4904265,1.2310383,0
1.8838595,-3.3105583,0
7.6971197,-1.2507799,0
-4.110015,-4.1023192,0
1.7567288,-1.2119315,0
1.8284059,2.5170202,0
4.7424755,-7.08977,0
1.8033835,-4.053124,0
-5.8730702,-5.8121943,0
3.9321597,-1.990317,0
-0.17802966,-5.9725637,0
2.9327416,-1.1829318,0
7.5947533,-3.0465615,0
-4.3624244,-6.5390925,0
-3.8132803,-0.4350851,0
0.6070574,-6.3363357,0
3.0647483,4.1080194,0
3.1238139,3.3889234,0
-0.5959317,-0.21352811,0
0.5116263,-0.6262422,0
2.1738636,-2.1110513,0
-2.4865215,2.1548152,0
-6.1177177,-3.5018766,0
2.6657004,3.8163774,0
-6.929049,-1.2080829,0
-2.8360457,-1.0998238,0
3.9804394,-0.87360424,0
-6.7312217,-0.8657784,0
-5.928326,-3.1822925,0
3.635152,-3.782356,0
0.121289104,2.9512024,0
5.2401485,1.7653059,0
1.6157148,-2.2875214,0
-5.454102,0.37530318,0
-4.772814,-5.704607,0
1.7307503,0.35181114,0
7.2914743,-3.028577,0
-2.1009471,-0.11841545,0
2.5999327,2.9829104,0
-3.313105,-2.2719972,0
-1.1701946,-0.17680839,0
3.445163,-1.2637129,0
-1.8725802,-0.7262411,0
-1.4275676,2.8747203,0
1.855247,-5.1547747,0
-5.059462,0.05605774,0
5.003334,-1.7910382,0
-0.8546134,0.3905104,0
-1.1298149,-2.072648,0
-0.5663194,3.3420384,0
-0.024052003,2.9561853,0
-1.082035,-0.8875808,0
-3.88506,3.5033555,0
-1.2274573,3.5337155,0
-5.1111,5.4588127,0
-4.946296,3.6175916,0
-0.0018883738,2.845812,0
-5.233813,0.31823772,0
2.4554663,-5.0207005,0
0.86103404,8.268829,0
-7.1643186,1.8368407,0
-4.7358108,-1.6835024,0
-1.5044435,-4.9348125,0
-3.7250173,-3.3181303,0
4.0060034,-7.090459,0
-0.088220656,-0.7579983,0
-0.28954956,-2.2869627,0
-4.008403,-1.1423014,0
-0.01596258,-0.82586116,0
1.0033075,-5.560724,0
-5.2083077,-0.24221867,0
7.867942,1.3344682,0
2.5815399,-1.1012065,0
-0.9322889,1.5526417,0
-1.0504894,-7.726596,0
7.550776,-2.6116717,0
3.4744282,5.3546224,0
6.4151835,1.8118187,0
-3.1250064,-7.1264124,0
2.9983144,3.6907194,0
-3.0818439,-1.8878361,0
7.177217,-0.19059554,0
1.1250482,-8.81514,0
0.82854486,-0.57232916,0
-1.3063496,-2.3854232,0
-3.354216,-1.6514363,0
-1.2137829,1.5178766,0
0.4426871,4.0909476,0
-5.2281275,3.354941,0
-1.7038523,-6.576564,0
3.666197,1.0540997,0
2.204721,-0.33662078,0
-0.37879393,0.12971878,0
2.6005383,2.653345,0
-0.5594389,-7.0061893,0
0.4516464,-0.21636772,0
-2.4643612,3.7831008,0
1.7240016,-0.4802544,0
-1.051891,1.0933535,0
-0.3390543,-1.6682205,0
-6.8550653,1.6369752,0
0.79953843,0.16282225,0
6.2365475,5.9216323,0
-2.593664,1.6790401,0
-0.37816882,-5.7251577,0
2.9927175,1.2284362,0
1.774228,2.7564886,0
1.6513258,5.4891706,0
-3.0445988,-3.5172465,0
-0.18143082,2.4819849,0
-8.373281,-0.255091,0
-7.879463,-2.4653466,0
-3.396621,-4.550401,0
-1.3683499,-0.98381704,0
1.9580542,1.8832295,0
2.5818756,-3.4085248,0
-4.3945775,4.36476,0
-2.7321105,-3.1869369,0
0.26915383,-5.0015306,0
-7.5102468,4.081388,0
0.15739797,-0.21702078,0
-0.083222665,-3.4415748,0
5.183946,1.9145784,0
-1.7382911,1.2360568,0
0.958741,-0.46596965,0
-1.2691805,-3.136167,0
-4.0542345,4.2037926,0
2.3793004,-5.34185,0
3.324229,-8.146413,0
-4.5543113,-4.0687447,0
-1.6774298,4.1969633,0
0.54344076,-1.4269265,0
-3.8788362,5.1070056,0
2.6419907,1.2791736,0
-0.6302081,3.794091,0
5.821303,1.9823937,0
2.1099546,3.6688619,0
-3.535294,0.70009947,0
2.600663,-3.2360747,0
1.2075979,-3.895352,0
-6.267588,2.653226,0
4.360946,-1.6100293,0
-0.19788994,-0.34876728,0
-0.35696068,-1.48368,0
1.2091655,0.7573181,0
4.7276597,-2.1835275,0
-2.6824389,0.23489632,0
-0.016733961,1.9782991,0
-0.036849424,3.4337616,0
-2.1522152,-5.420787,0
3.048532,5.340398,0
-0.8761806,0.93611467,0
-5.041613,1.8361763,0
3.3086145,-3.311314,0
-2.343455,-5.686528,0
0.089957274,-1.0456026,0
-4.042039,3.104323,0
5.671996,-1.6418706,0
7.046112,2.847128,0
5.146369,1.9829161,0
1.9442143,-1.1957766,0
-0.46543822,4.93567,0
-2.5656004,2.6943378,0
2.1342638,-2.9658153,0
-0.6850341,0.39197108,0
-1.2994533,0.06542681,0
-0.16352305,4.7596436,0
2.154533,-0.7722504,0
-2.95782,-1.5032421,0
4.5198717,0.95289797,0
3.5400648,3.1015944,0
1.722203,-0.5477351,0
-0.46088386,-2.6575723,0
2.656032,-2.1294405,0
1.897136,0.9965335,0
2.377107,-0.9184381,0
-2.0259945,2.6297252,0
2.1726472,-2.8486118,0
0.34385818,3.6476014,0
-2.2478628,0.4383385,0
-4.918974,-6.188661,0
-1.6756816,1.0413231,0
-4.4124107,-4.7599945,0
6.474806,-5.5324926,0
3.7075195,0.09723919,0
-1.1832335,-3.938216,0
2.7403116,1.5788116,0
0.8540884,-3.1220253,0
1.1198832,-3.8417635,0
-3.5152788,-0.5866221,0
2.8365622,1.984915,0
-0.79967594,5.4164824,0
-0.6159967,3.0528562,0
3.466121,0.8665877,0
-2.0771067,-6.1108007,0
-0.7721237,6.052323,0
-6.387601,4.392213,0
1.9095591,-6.9077215,0
-2.2951753,4.319722,0
-6.607378,3.0101676,0
1.6066568,0.5313599,0
-7.619984,-4.101935,0
-1.2214918,2.4516907,0
-4.1889915,-0.33867818,0
0.6903097,-2.2500527,0
6.6567307,-3.5522616,0
2.377109,-4.6140842,0
-6.038782,6.369776,0
-1.142033,-1.2352042,0
4.134017,-4.6400957,0
-5.3048835,1.7694303,0
-5.358608,-2.2297838,0
-0.75185084,-5.915102,0
-7.157684,-0.6568663,0
4.8519773,6.2233615,0
3.6632605,2.0953398,0
0.29062185,3.9079835,0
4.609123,-0.7923934,0
0.4553655,3.1194255,0
-2.3320754,-0.8027736,0
4.2201056,2.004369,0
6.798457,0.27966043,0
-2.7103624,-2.4263291,0
2.4070172,-0.6074708,0
-3.3120244,4.368787,0
1.913918,-2.7586703,0
-3.5867834,2.0821974,0
2.2916145,0.21392208,0
1.8199434,3.2140634,0
-3.54812,0.54154515,0
3.1535194,-7.6324573,0
-1.465352,5.2966223,0
-1.4937142,3.400965,0
-1.3538717,-2.0474975,0
-6.264745,-0.2747205,0
3.4015634,2.1343539,0
5.199407,4.46133,0
7.0609536,-3.1164498,0
0.33699492,-0.5689682,0
2.6906831,-1.8541269,0
2.6195235,1.326544,0
2.2944608,-4.5869284,0
-5.0612764,1.3080776,0
-1.7701693,-1.2051346,0
1.3916045,-6.888687,0
-1.1610245,-3.6237824,0
-0.10377326,1.8609688,0
1.8726364,-0.24530065,0
1.5317595,-2.1179628,0
0.014260612,-1.2334665,0
-3.8369954,-1.2149733,0
3.2203326,0.060352877,0
4.0762978,1.8424724,0
4.2924194,-1.6273756,0
1.4108043,-2.0173917,0
1.8531405,0.17861988,0
-0.034437533,4.507284,0
5.348813,2.4755683,0
-1.0083866,-3.8293962,0
-3.481934,-1.0378598,0
-6.197949,5.150921,0
0.22937183,4.0993676,0
-3.1037064,-4.0636625,0
3.4830565,1.868301,0
-2.9348276,7.5481286,0
-2.1246674,-3.0395598,0
-5.880072,-0.76298046,0
-2.824997,-2.609138,0
-2.540788,0.1782604,0
-1.248778,3.3014448,0
-1.0325112,4.0316277,0
0.1816805,0.935966,0
1.9483787,3.197021,0
1.5767999,-2.4213014,0
-0.9063338,4.4288297,0
0.24914423,1.6611444,0
-2.78191,2.965868,0
-7.0289555,-2.962186,0
0.55826193,4.5786443,0
-2.1792767,6.8291063,0
3.5070882,0.22777018,0
0.8841755,-5.06176,0
4.5706744,-0.95616245,0
5.5860825,-6.038688,0
-1.3644011,-0.04480711,0
4.285613,-0.9424221,0
-0.52820295,1.6450415,0
-3.2533789,3.519204,0
-0.91016847,2.6179283,0
0.17046644,-3.433401,0
1.3521922,-1.9736596,0
-4.9776835,-1.4963526,0
-6.3846936,-0.8013139,0
-0.9122317,-5.2651887,0
4.459238,-1.6232468,0
-2.765583,3.6785824,0
4.4757824,6.0565286,0
2.6535573,5.34219,0
4.4214845,-3.4024038,0
6.863691,0.48590517,0
-1.5553106,0.2569759,0
7.3652725,1.4894377,0
3.1196551,1.0267706,0
-5.679565,0.65771896,0
1.2887381,7.417528,0
-3.7783153,-3.8248389,0
-2.5021088,-2.5481322,0
1.5535489,-4.5737658,0
5.5660195,-3.800464,0
-0.23471023,-2.976804,0
4.5472746,-5.867054,0
7.9279876,2.7514026,0
-2.0878649,-1.1217029,0
-4.3171525,3.1158836,0
-1.8311708,-5.102235,0
-0.6786849,5.4448013,0
-1.7812611,0.72008675,0
-1.6372977,-6.0406375,0
-2.499038,2.4524868,0
-1.776154,-0.09677382,0
1.7575928,0.6328065,0
6.5961876,0.5927973,0
-1.1560928,2.769028,0
2.7772777,1.9375402,0
-0.6188314,1.7549925,0
1.6193134,0.46420637,0
-4.8231497,-1.7065842,0
0.5126597,-8.559524,0
3.1572068,3.1327498,0
-3.2630303,-0.530866,0
1.7699676,4.750628,0
-1.4853444,-3.298357,0
-1.621062,1.434767,0
-0.8222209,-4.2340856,0
-5.028586,-0.26996547,0
0.61616766,5.037613,0
4.1902127,2.8857987,0
3.0481315,1.2777137,0
2.609769,-6.903871,0
7.980462,-0.9706002,0
-1.0563952,2.0919318,0
-2.527272,3.8702488,0
3.3856406,4.201925,0
1.5472733,-1.1200025,0
-1.3053598,3.7424026,0
-7.143005,-0.7568222,0
-2.6695344,-0.23249204,0
-5.799583,2.9383252,0
3.3112273,0.39917937,0
6.0618877,-4.622091,0
3.8782806,-0.8450901,0
-1.7132574,-0.66978484,0
3.3129427,-5.20953,0
0.766724,4.581142,0
-4.4688516,1.7652336,0
-6.061057,-3.511204,0
0.94673765,-3.720505,0
-1.5379561,-2.815311,0
-4.5895863,0.60864884,0
7.423414,1.6893264,0
1.256307,1.0864413,0
-7.035215,0.32741335,0
-1.6383152,7.0150895,0
0.023881854,-7.5846133,0
3.3889868,2.3034585,0
-0.80689245,0.56732404,0
2.302112,5.469252,0
0.26102674,6.54889,0
2.086346,-1.7497483,0
0.61243236,5.385152,0
-6.1383247,-4.877336,0
1.2261293,-2.3400047,0
-6.237676,-4.659171,0
-0.3521789,-2.0305357,0
-1.3344986,1.7542117,0
-0.7505282,-2.8260968,0
8.410793,0.9200628,0
-0.35229984,-3.0358639,0
-3.7655845,2.3803174,0
3.3064203,2.0028284,0
6.1522775,1.8061211,0
2.7706835,0.4548801,0
2.053123,0.96669644,0
-4.4703197,1.0508301,0
0.7377058,-1.6667247,0
2.4939387,-6.105752,0
-0.41244647,2.6878352,0
0.7089788,0.35092673,0
4.715823,-3.2636902,0
-3.6787252,-2.5326097,0
-5.0334187,1.5984952,0
-2.3751714,3.3284295,0
4.815605,2.0047488,0
-3.9797204,-5.781842,0
-0.9091891,1.0735229,0
-4.1055117,3.3293993,0
3.9870696,4.4384537,0
3.830508,-3.8253407,0
2.4542868,-2.2928529,0
6.3988748,-0.035296984,0
-8.339593,-3.042338,0
3.8937688,6.754422,0
-2.9706678,4.4630127,0
7.3011045,4.6959376,0
7.4472647,-2.5713036,0
-0.41152415,-5.588264,0
7.0540066,-4.547327,0
-1.9883695,-7.446326,0
0.18672502,-4.9593387,0
6.707801,-1.1882926,0
3.1035302,0.4618315,0
-3.8547714,-2.5747948,0
3.328035,1.5800402,0
-6.2271924,-3.1169648,0
-5.7560782,1.4796977,0
1.8177723,-3.8835866,0
7.682353,2.1739137,0
2.682507,3.9724305,0
0.7162321,-7.3372726,0
4.6371927,-2.6327298,0
-0.074638255,-2.0324154,0
1.2355592,-1.7470196,0
-2.9139163,-0.12972718,0
-5.024371,-5.237186,0
-2.7958205,-3.1536083,0
-0.79167783,-4.1476035,0
-4.817338,-0.8692387,0
-7.6805673,1.7793076,0
-1.4885185,-7.1691895,0
-0.203485,-3.5897262,0
-2.699955,-5.2752585,0
-2.0859132,2.0393744,0
-1.1786033,1.7503657,0
-0.99877644,-5.3468847,0
-4.3074374,-5.0734305,0
4.7608495,0.48149312,0
1.943579,-8.4508915,0
4.3793902,4.8589025,0
1.864485,3.2661645,0
-6.756756,-1.0315151,0
-2.9123814,-5.1127214,0
1.8551205,-2.1816795,0
-2.6017003,-4.9925513,0
1.4928018,0.6244749,0
3.3765936,2.5472748,0
4.4517508,3.1466284,0
3.0082512,1.968483,0
0.74711984,2.1046176,0
-1.4296355,1.4834915,0
4.4179235,1.5422,0
2.257071,-5.1546288,0
0.17830326,-2.660047,0
6.8576713,0.8666165,0
-3.727475,-3.4525774,0
2.6260068,-3.9973087,0
1.5714414,-1.6197076,0
0.28907204,5.8350887,0
-1.5010353,1.1865305,0
5.2397733,-1.0036483,0
0.7968116,3.7866282,0
-6.4017496,-3.6087668,0
-6.678454,1.2622035,0
2.0303884,-4.0297275,0
-2.883131,0.80323076,0
-4.597638,0.84041774,0
-0.9036047,1.9645988,0
1.5729318,4.1288157,0
6.5161953,3.8317575,0
0.07577188,2.8267992,0
-3.3777323,6.584423,0
-4.1820207,-0.4598718,0
2.8381321,8.044209,0
-4.8156204,-0.5974332,0
0.40766916,0.7960774,0
-1.9162697,5.105005,0
-6.561744,3.7655585,0
-4.8653984,2.9274182,0
2.0595527,4.5006566,0
6.884911,-4.51379,0
-6.907919,-4.3328342,0
0.57821125,1.0067629,0
6.3188705,1.3054415,0
-0.5481029,-2.76917,0
4.2674146,0.5247535,0
0.66797495,4.747995,0
-2.942393,2.469159,0
3.3712723,0.7168467,0
-5.2569766,-5.337531,0
-3.7327197,-6.4237876,0
-3.5619628,-5.2826242,0
-5.44067,2.679403,0
-1.7590243,-3.9457154,0
-0.16268747,5.9303308,0
2.4727616,0.96019804,0
-5.0772977,-0.803069,0
2.721995,-4.329249,0
8.635253,0.73439455,0
3.42689,-3.8301446,0
-5.782055,0.9555121,0
5.591868,0.7782477,0
0.9035998,-0.4355431,0
-2.7338614,1.8738271,0
4.9127355,-4.132226,0
-2.4549456,2.3398788,0
-2.1924403,3.623459,0
-0.9047948,6.7985835,0
4.6109924,-4.271754,0
4.334973,-0.5530483,0
1.7540177,3.3581746,0
-3.5594423,-2.2614753,0
-0.17738535,-0.8022789,0
0.9641164,-5.3891826,0
-2.163955,-1.404436,0
-7.400344,0.31871295,0
-5.3912287,-3.4082453,0
-2.2104192,3.589163,0
4.0260644,7.0515532,0
-2.4622734,-1.6638517,0
-4.59432,1.9222705,0
4.240945,-0.42704514,0
-2.754959,-2.3749135,0
-5.194651,-4.7655587,0
0.518778,6.3689427,0
6.438671,-1.4637995,0
-0.07203646,4.711572,0
2.811113,3.7181945,0
1.534792,-1.6778092,0
4.0659823,-0.57800233,0
-3.3787386,4.2625227,0
-0.34417355,-1.1822591,0
0.7424307,3.9182673,0
-3.9031684,-0.22615188,0
2.008671,-3.36591,0
1.1012264,-0.40451312,0
1.1962289,-2.847548,0
-0.5606368,-1.7151978,0
-0.30019093,1.457001,0
0.6183153,7.3692493,0
-1.0545784,-0.7013013,0
0.8871086,-0.5095819,0
-1.9592065,-2.0123441,0
-2.1674645,-3.5059376,0
-5.550878,-1.2353736,0
0.025847454,-2.237838,0
-2.871624,2.0483947,0
2.5314171,7.611979,0
-5.670028,5.4624257,0
2.6575437,3.8284335,0
-3.9765897,-3.2726862,0
-1.180017,2.3543675,0
0.4457614,5.6465154,0
0.50402576,-3.5741384,0
4.044979,-2.4487326,0
4.765891,-0.07336266,0
6.5072002,0.98817664,0
-4.6634903,1.3905772,0
-3.2512512,2.1219637,0
0.2516255,2.8232896,0
-2.0112984,-4.0002418,0
-1.6443107,-5.379229,0
-3.045403,-0.13750643,0
-2.1276462,-2.4193592,0
0.5743474,-4.752483,0
-0.45345786,5.7599444,0
-2.1595814,4.092726,0
3.016433,-3.2334006,0
7.5061955,0.76214445,0
2.5843892,-6.6093783,0
0.24550346,-1.4933769,0
-0.70658755,0.18040729,0
-4.7360344,3.096261,0
-0.5471449,6.1556654,0
4.789402,1.9597632,0
-8.21014,1.3965436,0
0.32364696,-0.72596115,0
1.4455616,6.9961457,0
1.7969537,-3.4065058,0
-6.000721,1.3501707,0
2.4324102,0.022313386,0
1.6822726,4.903791,0
8.235621,1.6392777,0
0.6038727,-1.8105737,0
-2.0046859,8.138749,0
1.239119,-1.3486545,0
-6.8083563,-2.3075802,0
0.064880185,-1.8143972,0
2.621409,-1.8908682,0
-2.924724,-7.83716,0
5.2264895,1.7665535,0
-4.8818965,-4.045543,0
3.7325933,-1.7388316,0
5.071007,-3.7521825,0
0.70940125,2.5977156,0
6.9985437,-0.69438314,0
3.134687,0.1255156,0
-2.526458,-4.780723,0
-6.5804963,4.3604918,0
0.88871884,2.5241215,0
-2.099767,7.196431,0
-2.718996,0.648442,0
1.0584041,5.1581874,0
2.1364408,1.5902203,0
-2.7255902,5.4273806,0
3.3982546,-2.09495,0
-3.5572393,1.4577231,0
3.5528007,1.4169708,0
-0.8762198,-2.437225,0
2.3356268,-1.0067085,0
-2.4938858,6.967788,0
-0.32522207,-4.7761426,0
-7.0594406,2.895846,0
3.0025308,-6.714696,0
-7.7777095,-3.3034532,0
2.8175147,8.057716,0
0.5689007,1.1667472,0
7.3283935,0.030670363,0
-1.191233,1.9096293,0
3.28415,-2.5375452,0
-0.93204266,-2.2362463,0
-6.7067456,-1.1798977,0
4.5086584,6.393672,0
-4.1920395,-0.62184066,0
4.814837,3.3516903,0
1.0792153,-5.047989,0
3.2622533,7.772851,0
6.025156,2.6115062,0
1.7942407,0.36455873,0
8.620446,-1.1221039,0
3.0660293,1.0831242,0
3.1285553,0.88308185,0
2.4633727,-0.09302508,0
4.3882055,1.3167216,0
7.4912777,3.1601055,0
1.4420391,5.7625527,0
5.5134373,-0.3171255,0
-0.64491487,8.331622,0
1.4831792,0.75233436,0
2.8091836,-2.8722916,0
0.51128966,4.3508716,0
-2.0531085,-3.9642785,0
0.95636034,-1.4756337,0
-1.1001416,3.7880273,0
6.0143986,2.100299,0
6.4087396,-2.738133,0
2.1280954,2.5863562,0
-3.0288532,3.2466264,0
-3.850084,-2.2076743,0
3.0755637,2.0447674,0
-0.027702251,0.98350614,0
4.167466,-0.5200119,0
0.28721756,-1.7717015,0
1.1937046,2.743757,0
6.752763,-2.4189513,0
-0.51484835,4.599543,0
-2.7952101,2.220911,0
-2.834507,-5.391941,0
-4.751907,-1.9663911,0
0.29064307,-0.9506876,0
4.521044,-0.21820375,0
-7.2207503,1.236901,0
-0.8263962,4.5668664,0
0.17560315,-1.9827539,0
0.86764926,2.5935063,0
-1.4707474,-3.8754299,0
-1.8800169,-1.2313098,0
1.0219442,-2.2592616,0
1.7324618,-5.6846776,0
7.0214224,3.4987695,0
6.883591,-1.7269504,0
-1.7926259,6.8716426,0
3.2195027,-1.5508066,0
-1.1649458,-3.9875531,0
0.4369675,-4.2008815,0
0.53807783,-0.92636514,0
-4.446106,0.57427555,0
3.1541836,-3.673768,0
0.46661538,-3.5904083,0
2.8658776,-3.7220817,0
1.0006617,0.345967,0
1.4514947,-4.839478,0
-0.4167586,1.4466857,0
6.7175746,-5.676322,0
1.0159807,3.674136,0
0.51204133,0.7887271,0
0.30419835,-4.6095524,0
-2.2364786,-8.343387,0
-0.38638562,-2.8367102,0
-5.2174373,1.9217391,0
4.6954293,-4.7948685,0
-1.5574439,-1.8504297,0
0.6583681,-3.1035156,0
1.2684923,1.3384082,0
-5.7769594,5.0753465,0
-0.57247305,4.153542,0
-1.5018636,5.466519,0
5.122268,6.533832,0
-3.121978,-3.5342395,0
1.1986135,0.050784245,0
4.7357097,-0.9482048,0
2.7247088,0.4670869,0
-3.3244436,-3.5920775,0
-6.496774,0.48151922,0
0.045108974,2.0267982,0
0.6032022,5.1053424,0
-2.318335,-5.8813853,0
-1.819312,-3.171809,0
-0.057707306,-1.6033465,0
2.1518817,-2.6281738,0
1.424064,-3.8291426,0
-1.8257734,1.7885951,0
2.8455193,-0.089745395,0
0.96261483,4.457054,0
-1.2511065,-6.603035,0
0.8944134,-2.5938709,0
-0.5266583,2.1287231,0
1.0348488,-4.623442,0
5.6188726,-5.0239825,0
2.6457775,-7.816111,0
-3.5458746,-5.4324145,0
-1.5265954,0.14304826,0
4.527031,-3.825649,0
-3.9140794,1.3398113,0
-0.6812971,0.3305993,0
0.5077828,4.4585733,0
-3.8446891,-4.7363405,0
-1.3385705,2.8239057,0
-2.690031,-2.2193153,0
-4.351934,2.6343327,0
-1.5472881,0.5716614,0
-0.58607775,0.66522527,0
3.215661,-2.2594802,0
-2.8148348,-2.3702946,0
3.0269682,-5.232966,0
-0.9564409,-1.4601016,0
-3.2324529,-4.2768455,0
0.5911136,-1.5693648,0
1.7655953,6.135628,0
-1.1102968,-3.1448977,0
1.4606003,3.9238825,0
-1.0366259,-7.986848,0
0.5404868,-4.941093,0
3.2646022,3.8895457,0
-2.0099792,-0.23345648,0
-0.9053886,5.8939877,0
-2.2007797,-3.9465563,0
5.500647,3.5548437,0
-1.3851855,3.1877897,0
-5.4911003,3.8564935,0
-0.15958843,6.462407,0
4.0780373,-0.8384961,0
2.4371588,-3.631589,0
-6.8644595,1.6440893,0
-4.5131874,7.0746684,0
-1.8332558,1.8015664,0
7.2042785,4.7805333,0
2.568669,1.2575027,0
2.3054423,0.7131107,0
-0.114841275,-3.767491,0
1.6830525,-1.1490649,0
-2.9645267,-4.3159995,0
1.0987238,0.66137,0
-3.6270492,7.590536,0
-2.5857286,-7.0391064,0
-2.920366,5.4824657,0
-1.2000313,-0.65391093,0
-6.480078,-3.3756623,0
-1.6910876,-4.0608783,0
0.7290211,-1.939908,0
-1.0176115,2.7222939,0
1.4596044,6.035934,0
3.2945888,-0.59950835,0
2.4945235,1.559986,0
4.0726776,-6.300204,0
-1.9143802,-1.2097117,0
2.285148,1.4753622,0
3.3589487,1.2109798,0
2.8169281,-5.629608,0
4.89257,6.3318644,0
-4.0194063,-3.176238,0
-0.7993837,0.3889973,0
0.98379,-2.885838,0
3.5979133,-1.778431,0
-3.3941731,-2.9788077,0
5.051884,-0.44952497,0
-5.526872,-1.3807496,0
0.35493872,4.83063,0
7.164707,0.45124832,0
-3.6791246,-0.45707294,0
0.83368534,0.42611206,0
0.85741276,-3.1920848,0
-3.965349,-2.6557229,0
-0.9315861,1.3286477,0
5.9478316,-2.9205167,0
2.9522238,4.0199556,0
-4.1284595,-5.3999705,0
0.5385951,5.8136635,0
-6.8388014,-5.9296927,0
-4.280301,-3.696131,0
1.886633,-2.1389136,0
-4.1213737,6.207181,0
-2.720536,2.0499392,0
2.1455178,0.49904886,0
3.9088218,-1.8753302,0
-3.3421571,0.15404853,0
1.7851759,1.5307868,0
-0.8258355,2.53545,0
-6.2833495,3.1685877,0
2.2269049,-5.7772136,0
-3.0555453,-4.1528444,0
1.8051562,-0.5660814,0
1.7294769,5.5857334,0
-1.471155,5.2455697,0
4.1625743,-6.348646,0
3.5746033,1.650644,0
4.518193,-1.1816404,0
1.2760179,5.4249177,0
-1.0124048,-2.557026,0
5.952262,0.13350116,0
3.0747244,-1.9836859,0
-0.62508863,8.0993805,0
7.0407662,-1.267775,0
3.0215738,-0.84055233,0
1.4926714,6.7285247,0
-0.5967278,-2.9643934,0
-3.1802757,-2.6409237,0
-0.09502693,-5.6221185,0
-0.76121455,-8.066707,0
2.6049027,-3.375454,0
-3.1854968,-5.9143906,0
-2.8037016,1.1249135,0
7.150391,0.020868447,0
-4.886523,1.8859316,0
-1.7383571,1.8624135,0
-1.9279969,0.7752216,0
2.85437,4.5862274,0
-1.0038323,3.6514282,0
1.4252257,0.9386561,0
1.2390215,5.3412557,0
2.386212,-1.9731625,0
-3.8558474,4.324982,0
-0.9443226,5.889913,0
-0.095544234,0.726319,0
-0.86058915,-6.7047863,0
-5.5099115,0.9276698,0
4.798238,-2.9893713,0
-1.5871578,-7.8423676,0
0.98069406,-6.1723676,0
3.0363326,4.872389,0
2.7207603,3.9748807,0
-5.628866,3.3714893,0
-0.16233546,1.8960361,0
5.4949946,0.56568426,0
-2.5207813,-0.24154739,0
-6.3678823,4.5870028,0
-2.4376636,4.2734714,0
0.34937575,5.082552,0
1.7703797,2.1341672,0
4.8083386,0.21187764,0
1.7267869,-2.443611,0
-3.5491004,-0.031606074,0
3.500031,0.4967306,0
-7.353113,0.5138893,0
-2.817019,0.23723899,0
3.4207208,-6.789192,0
1.6112365,-0.4201138,0
1.9083962,1.4896982,0
-2.8765955,0.2770978,0
0.71067065,-2.0547469,0
2.9952033,4.783308,0
-0.57824135,-8.1363535,0
-5.17293,2.3840685,0
-0.93632156,-2.395184,0
-5.637733,-0.6344373,0
4.5446777,-7.3153987,0
-0.645741,8.409719,0
-2.4160948,-0.74962956,0
-3.7052767,1.5376607,0
-0.021996342,4.9367743,0
-2.043494,-2.2154708,0
1.3560164,3.3480892,0
0.44741702,-6.6060867,0
2.414975,-2.3602593,0
-4.654457,-4.3371835,0
-2.4983594,-3.0733507,0
3.8115654,-2.898856,0
-3.1334167,6.3670387,0
-4.852996,2.8935368,0
2.629178,0.18287587,0
0.24259233,4.6189685,0
5.9510975,-1.9385326,0
0.10785347,2.102185,0
-0.26537633,-8.408604,0
4.852789,-3.5092673,0
-3.2920988,1.2226678,0
1.5585511,1.2295427,0
-2.439238,2.9775152,0
-1.6857094,0.4686147,0
1.4804697,-5.537052,0
-0.7997736,1.1548572,0
4.80135,0.9539194,0
7.0762825,-3.3512077,0
2.5674367,-4.2395487,0
-0.23371883,2.4691966,0
0.13497204,2.3131475,0
1.1026442,-1.7614951,0
5.665398,2.5105498,0
-1.6986568,-0.8386665,0
-6.8410635,1.6910222,0
2.177226,6.572387,0
-3.3959317,2.373433,0
-5.7423577,3.4038682,0
1.0228071,-4.56813,0
-2.0437,-4.480986,0
-1.1621308,1.1953903,0
3.6853278,-5.3020744,0
-5.288105,-0.1436964,0
0.20548889,4.784175,0
-1.3390042,-3.0487032,0
-1.3605684,6.3049817,0
-1.2629628,-0.683358,0
0.91942644,-4.129632,0
-2.4765866,0.29106587,0
0.7810432,-1.3840376,0
-2.21728,-5.866962,0
1.4357666,-0.76107025,0
-2.5167623,3.3009524,0
2.3353121,6.6415505,0
4.432571,-0.32347098,0
-0.24202262,-3.76553,0
-4.094887,-7.7592735,0
-3.9508333,-1.8426979,0
0.78390384,-2.5670435,0
0.65006036,-8.537695,0
-4.179791,-4.13335,0
-0.16342631,1.3108381,0
-2.5260417,-2.8506377,0
3.100231,1.6782542,0
-1.6632298,-8.659116,0
3.2080684,-6.7657704,0
6.0401454,-3.7584028,0
0.6433277,-2.2952545,0
0.77770454,-0.34876904,0
3.5243042,4.717793,0
1.9879403,0.6361805,0
1.4895524,0.9270726,0
-3.4527504,5.8728633,0
3.7803922,6.0461626,0
5.684772,-0.7177648,0
4.443322,-0.31467587,0
-3.7114847,-1.2037843,0
-1.3814088,6.925799,0
1.1891687,2.4584188,0
-1.8755839,-0.32938844,0
1.8302159,6.089656,0
-5.943487,-5.914485,0
-2.9208484,-1.253507,0
-5.7325563,-2.9122057,0
2.6350203,7.8207936,0
-0.5252551,6.0318627,0
5.0928006,-1.1463497,0
4.591925,0.3077405,0
1.8730856,0.12621458,0
3.2329633,6.8727546,0
3.8764548,-2.1684353,0
-1.66932,-3.164037,0
4.284303,0.7881723,0
-1.3488487,1.562007,0
-3.3592193,-3.4404278,0
-1.1901416,5.930865,0
1.8226742,-6.4837594,0
-5.622904,-2.738498,0
-1.4466656,3.5636816,0
3.8319345,-1.1072801,0
-5.054184,-5.1457744,0
-0.8843077,4.202349,0
-2.109704,-3.060901,0
-0.56843877,-7.0210333,0
0.27920508,1.4968802,0
4.099678,-4.8028684,0
-0.33011183,-5.6802754,0
-2.2446508,2.1516807,0
1.0503895,6.9130325,0
-5.109593,-3.319818,0
0.6829973,3.7334697,0
-3.3829918,4.364524,0
-3.8694644,-2.1679864,0
-1.798487,2.668616,0
1.6504538,-3.4142435,0
0.5914511,-6.0883555,0
2.2190747,1.5343267,0
0.9588699,4.2031174,0
1.7280701,1.8522757,0
0.89228374,-2.618138,0
1.2446382,-3.9268231,0
4.3682456,-1.4926087,0
-2.0665672,6.3522763,0
-2.6471796,0.96125484,0
1.1857764,5.164477,0
-4.2621927,-4.7876916,0
4.1641345,-4.8456435,0
0.023089334,5.184158,0
0.3598253,-4.254591,0
2.3817997,-4.1904407,0
-4.2254796,-0.8973551,0
2.990433,-6.695123,0
-4.3860173,-6.5056195,0
2.07334,-3.2776272,0
-4.0489974,1.4081545,0
3.745533,0.1411253,0
6.13026,4.6106744,0
5.0812817,-3.208189,0
2.4467502,2.301418,0
-6.109408,-3.470495,0
-0.99751556,7.26074,0
5.582491,-4.195919,0
1.2136217,2.161945,0
1.5507972,2.4126863,0
-1.6664703,0.48328236,0
-0.7054754,-1.0260779,0
4.35073,-5.2223053,0
-6.711929,0.648573,0
2.6485221,8.016437,0
-2.4407542,5.2901835,0
-2.837864,3.5932162,0
-3.5615573,4.6658397,0
-5.9815817,0.2791082,0
2.3095665,-1.530643,0
-0.25557938,-3.176676,0
-0.3461744,-4.3892865,0
-7.3971357,-2.5277364,0
3.9386783,-6.400557,0
-2.8101182,5.327092,0
-2.1619425,0.6188455,0
0.07061517,0.30160543,0
3.2433717,1.1981173,0
5.634044,1.8067555,0
-0.4966077,3.760655,0
4.309141,3.8751423,0
-1.1528025,1.6407424,0
0.11999023,-6.643881,0
2.1618056,-3.2925575,0
5.620258,3.7191532,0
-2.5834615,3.1936934,0
1.1539465,1.9025903,0
-3.8264368,5.8065405,0
-7.381247,-3.3194237,0
1.3203136,-3.0896156,0
-1.5013683,-1.5758584,0
0.68892807,0.30575103,0
4.339224,-1.6098477,0
1.0743964,-1.6127802,0
0.63993967,6.470276,0
-2.7607286,-2.064605,0
-2.291552,-3.674681,0
-7.747654,3.0573907,0
-0.38152614,-4.8184266,0
-1.2291954,2.7416933,0
-0.5286472,0.5151946,0
-0.9199603,-6.831755,0
1.8235643,-5.942876,0
-0.46778524,-2.076569,0
3.4840024,-6.448211,0
1.3565276,-0.61713314,0
-0.8823172,-3.4236517,0
8.135747,-0.48331404,0
0.5521441,3.5161827,0
0.5448184,-1.5899613,0
2.137398,-0.97469765,0
-0.49505147,2.2333455,0
-0.26071012,-2.6101885,0
-1.8826299,7.2513413,0
-6.585736,-0.76957905,0
0.55861753,-4.971142,0
-0.5813817,-2.76682,0
3.9715517,6.0629,0
4.065843,2.5284932,0
-4.181534,3.3068712,0
5.0102296,-1.8838509,0
-2.651391,3.76904,0
-2.4105203,3.832663,0
-1.7150408,-1.2390697,0
-0.9563725,0.6492564,0
-0.6969812,-2.0781767,0
-5.056566,-2.2643042,0
2.375699,4.2663913,0
3.317262,-0.54543257,0
-6.3798018,2.717252,0
3.737463,2.7014143,0
0.9795698,1.7894481,0
6.2991176,-2.0875795,0
-6.346306,1.5411187,0
-4.570388,0.77145493,0
-0.2139293,-3.691543,0
-4.1132402,-4.3794303,0
1.5605469,-4.153593,0
1.3057334,4.9596376,0
-2.365861,6.317173,0
-6.4107094,-0.5267307,0
1.7224805,-2.0843296,0
7.8581347,-0.42059886,0
-7.435157,-0.5190633,0
3.4302483,1.7195396,0
-3.389838,1.4584789,0
-3.0453498,2.3994727,0
1.7228923,-5.421189,0
4.2565756,-0.9415362,0
5.015412,-0.6957471,0
-3.1105108,6.475439,0
1.138666,-2.920548,0
-0.7411671,-1.0691358,0
4.0873666,7.8241854,0
6.9900036,-2.4741192,0
2.1123888,-3.9546165,0
4.1799607,-0.030178491,0
6.8261366,-5.0061026,0
-7.197487,-3.5424588,0
-2.467171,2.0408487,0
-2.8559997,-1.2697932,0
0.45796275,6.099366,0
-2.026896,1.6717848,0
7.3694253,-0.52186525,0
-5.0582113,1.1419053,0
7.604695,-2.6788158,0
-3.361345,5.225519,0
-0.15680002,1.6023458,0
0.67547643,-0.30895883,0
6.392663,-2.3873658,0
2.598012,0.88200253,0
-7.311022,1.6705761,0
-0.85899997,0.22691512,0
3.7883475,1.4402082,0
-0.971151,-1.1149908,0
1.2157532,2.103694,0
-1.0335697,1.1471574,0
1.0847888,-2.7283392,0
-3.0819325,-6.419702,0
-3.343375,-0.53372425,0
5.982913,0.0552625,0
1.39707,7.0029263,0
-6.0936456,-1.9108906,0
-0.8922012,-1.2451028,0
-3.8228853,-0.2025898,0
5.9694543,1.5449592,0
-4.403278,2.5380547,0
5.0833454,-2.4751291,0
1.9717604,-2.8933625,0
0.91360635,3.942022,0
-2.8180003,0.10672413,0
6.050922,-3.0225718,0
4.2055855,-2.5092733,0
-5.0930395,4.4522004,0
-2.0453856,-3.6252387,0
-4.334711,0.62480795,0
5.66533,-6.9725595,0
-1.8496419,-6.6285143,0
0.07095276,1.1304909,0
-5.02861,3.5633056,0
-0.20479423,-0.40350142,0
4.828659,-3.8282914,0
1.588224,-0.76431763,0
-1.9730688,-4.687899,0
-6.042109,-3.7762067,0
1.590732,-1.0034266,0
0.21769068,1.3635707,0
-4.116921,-2.9881976,0
0.8561761,2.2105494,0
-3.0538094,3.9241736,0
-4.293163,-4.708891,0
-2.980013,7.3413053,0
5.000359,5.155221,0
3.2071428,3.846713,0
0.93194836,-6.360473,0
0.34528756,1.3258259,0
-6.5583444,-2.3858159,0
3.710118,-1.853166,0
1.6488367,6.881475,0
-2.0676835,8.071624,0
0.4616633,-3.1496632,0
5.559156,-3.6283128,0
1.4811336,-4.7333903,0
4.6065717,-2.9056904,0
-5.2266607,-1.4747012,0
-0.6830869,2.9213655,0
-0.10443601,-3.436494,0
1.854038,0.7008262,0
0.6669305,-6.4362507,0
3.6165094,-5.4867306,0
-1.2099983,-3.959034,0
0.3391708,-2.6810555,0
-1.0030397,4.061013,0
0.048929907,2.5656016,0
-0.7903797,-3.2484107,0
-5.6145177,0.7237691,0
-5.4898825,-0.2859124,0
2.7768548,-6.3418,0
0.31748247,3.4098387,0
2.6393037,3.0496535,0
-2.558768,5.825533,0
-5.7500405,-0.9190938,0
3.3610883,1.7107022,0
-5.5451355,5.382312,0
1.9354719,-0.2706775,0
2.1380775,0.5759339,0
0.14677322,0.09546238,0
1.4626513,1.4676926,0
-5.448352,0.85950106,0
3.847676,3.0932531,0
-1.8363059,-4.7116556,0
0.755386,4.8066425,0
-4.1488447,3.937833,0
-0.9328899,-2.619615,0
0.2931675,-0.80846494,0
4.5736284,2.4017637,0
6.553351,2.076994,0
0.0018976933,1.7225937,0
3.5361633,2.3160336,0
-1.9440659,6.9417434,0
0.013080033,-2.4303498,0
3.0435414,1.9234475,0
1.3409272,2.139244,0
-1.2284514,0.1340523,0
-2.0728457,-5.379834,0
-3.3245993,-3.9037664,0
1.803052,-2.6190739,0
0.24885665,3.3500893,0
3.5066178,-5.2436857,0
2.3919108,-6.566214,0
1.9946522,-2.1379986,0
-1.3153491,1.9051071,0
3.3525918,-0.5088407,0
4.151417,4.2611156,0
3.4397383,4.3784323,0
-0.38612396,-0.10009489,0
-4.35741,0.8905767,0
0.20928809,7.147938,0
-2.3217394,-1.4717367,0
4.100389,-6.1645393,0
-3.6127765,0.6731685,0
-5.268963,-2.3972766,0
1.8057252,-1.72317,0
-0.43386653,-0.44967163,0
-4.312174,2.2649286,0
-3.5340426,-2.2243721,0
3.1525123,0.0029348654,0
0.4962439,-1.7479662,0
-0.12501979,2.624091,0
1.2413634,-2.3414276,0
-0.49832502,0.09610187,0
2.6213691,3.240779,0
2.5229414,6.7196813,0
-0.2578633,-2.2464318,0
-2.0163913,2.931916,0
-5.1043763,5.4862037,0
6.588281,-1.6691179,0
-4.4232574,-5.1021986,0
0.22074774,-4.5681357,0
-2.8150487,0.8010222,0
-2.7884188,4.6702623,0
3.3960655,-3.4832253,0
5.596764,-1.7290663,0
-3.688405,4.7847667,0
-4.878377,-1.6129416,0
3.3526206,-2.8252473,0
-0.74148023,-1.460364,0
-5.2711053,-6.5883555,0
1.9531771,-5.8797555,0
5.4501777,-1.8915786,0
-0.15746474,0.3036964,0
7.512538,1.737588,0
1.3614881,3.6132436,0
-1.7537698,-6.3303647,0
5.301155,3.3069787,0
0.37354192,4.7864304,0
1.1022086,-6.557001,0
3.1748335,-5.715955,0
-7.2052407,-4.6080747,0
0.876298,-1.471194,0
-2.0895474,-1.8812652,0
-0.7428737,3.4463937,0
-5.407961,2.237777,0
3.695246,2.6186464,0
1.2788115,-3.9304821,0
-5.3593097,-3.1064987,0
5.0826735,0.22088872,0
-1.3112326,-3.2178984,0
2.9797487,-3.0850735,0
-3.506115,0.55843025,0
3.6522837,0.012071367,0
2.9407387,-5.5928116,0
-6.7443056,-0.14486022,0
-7.05432,2.8018756,0
-5.098282,-2.5327244,0
-1.0459574,-5.2855754,0
-0.73906296,-8.384199,0
-1.0569074,5.202514,0
-4.3430037,-6.1017847,0
-0.17046112,4.3013487,0
-5.15436,-3.2208364,0
-1.9038911,1.081565,0
-7.59113,-1.856239,0
1.6162919,-0.5986196,0
0.02129995,7.815173,0
1.3002001,1.1384412,0
2.4415169,3.7253222,0
-3.8480432,-1.7312257,0
5.8760533,1.3707296,0
0.5937523,-3.658723,0
5.008053,0.44774672,0
0.6241472,3.5948822,0
4.5875554,2.6132894,0
0.01849637,2.3336265,0
-3.0267303,4.4669538,0
-4.469538,-1.097142,0
0.0405268,7.018696,0
-0.13986602,0.827717,0
0.04238846,-3.2595475,0
-4.4691954,-1.1634371,0
-0.7998295,-1.4800307,0
-3.5901325,-0.04285382,0
4.457183,-2.7826567,0
0.96555996,3.3214977,0
-0.43794864,-1.3014164,0
-3.7896023,4.779635,0
4.8510575,0.41366112,0
-0.643355,1.3805412,0
5.859471,-0.8951957,0
-6.138043,-4.811054,0
-7.2272196,2.6898108,0
-4.8063507,5.036746,0
0.620412,-5.243372,0
5.607463,4.716958,0
1.5557836,-2.988594,0
-2.7163866,-0.9415132,0
-0.056160334,-0.33675605,0
0.11581069,-0.7158392,0
-3.2414112,-1.6808789,0
-2.5872536,-4.004657,0
-0.57082427,-7.0203743,0
2.2252164,4.08618,0
-0.7235441,-1.8519149,0
3.8831658,-2.9706335,0
-6.9437857,-1.5471066,0
3.066625,1.8597603,0
-1.6770327,-2.85728,0
3.8979657,1.2015463,0
0.46411633,0.5427626,0
-1.4230865,0.4930803,0
5.707126,2.5457344,0
2.949117,1.1538221,0
-0.86468065,6.01938,0
0.9961393,2.7624304,0
-7.085431,2.9572914,0
7.2563148,-0.31108195,0
3.0756814,-4.3295493,0
-0.7080203,4.77668,0
-2.6167738,-4.855253,0
1.702336,-1.9251299,0
-1.730554,-0.20881177,0
-3.2681398,1.0775574,0
3.6676612,-2.038832,0
0.524296,2.7417738,0
-5.0567856,1.1267169,0
1.9484675,-2.1061811,0
2.3191864,0.6452656,0
-4.241179,3.7611938,0
-1.9187231,1.1130365,0
0.94593894,2.7716463,0
-3.4514437,0.3707367,0
-1.0417086,-1.1010981,0
-3.5972095,0.2810419,0
1.7663386,7.8584986,0
0.8952106,-2.3471572,0
4.1185727,7.776153,0
6.6560087,-0.64003724,0
-1.8237485,-6.7152677,0
3.994875,-2.7223232,0
-1.6844523,1.5624255,0
2.4405031,-3.885618,0
4.9219303,1.0489078,0
5.7791457,-5.149428,0
-0.8435648,3.4032967,0
6.1090775,-1.2936455,0
4.633542,-6.316829,0
1.6363916,-0.7144147,0
-1.5154846,-0.5049244,0
7.4600825,-1.8901312,0
-4.7960286,1.7834076,0
2.7853103,0.35413027,0
-0.9687694,1.4272212,0
-5.513276,4.0316563,0
-2.684743,-2.8233068,0
-7.360054,-1.5672667,0
-3.482041,-5.7677374,0
6.665916,-3.1007552,0
-7.772593,-4.1553583,0
1.307179,0.5938482,0
4.28762,-0.066393726,0
-0.15171431,3.3600993,0
-2.7806618,-7.0870914,0
-2.6934407,3.6422691,0
7.5889015,1.8299874,0
2.5788949,-2.1616724,0
-3.7495787,-4.3575053,0
5.1273685,1.312106,0
-3.4519079,-4.2600126,0
5.2330613,-4.83534,0
-4.4280972,-0.008550506,0
4.1856265,-2.575469,0
0.38037893,-0.6875464,0
-2.4311912,2.7743094,0
-0.24472716,-0.6711128,0
2.5435297,5.2180343,0
4.4592047,-1.8175093,0
-0.65121883,4.9884496,0
-5.809256,-5.3695855,0
-4.5432396,-5.284671,0
1.3259419,-4.68158,0
3.806903,-2.7386913,0
-1.4952435,-6.5256505,0
-0.100568585,-0.49783057,0
1.0142794,-3.3396788,0
-5.8650723,2.1590002,0
-3.8833113,-3.2925706,0
2.0235233,-1.7962762,0
-1.2607092,3.0515225,0
5.7945914,5.6110125,0
3.1413398,-1.1276653,0
-1.9070282,-1.2141752,0
4.890366,0.70404077,0
4.5702314,4.7048855,0
5.5627637,-0.39439648,0
-0.46821,-4.839129,0
-1.6502746,2.8419714,0
6.864586,0.359039,0
-4.0052533,2.6464603,0
7.243886,1.5565454,0
-0.13280202,-4.4058876,0
-0.5073834,-1.5408815,0
-0.35126692,-3.5024745,0
-1.4500965,4.5467687,0
1.2996831,3.2559123,0
6.29793,1.807906,0
2.3419764,1.5968622,0
-2.3818061,3.5638273,0
-6.50824,0.9977859,0
4.105913,-0.32486796,0
2.926291,-2.6422727,0
2.5386653,1.9870241,0
-2.0452518,0.18979293,0
-3.1283724,0.046218842,0
1.2071831,8.847259,0
2.4510658,-3.145207,0
4.818621,-1.6389332,0
-3.2237062,-6.7254453,0
0.4831458,0.28561452,0
0.7817597,5.7517195,0
-3.9533365,-0.23694232,0
0.44604957,4.8060403,0
1.3600503,4.969233,0
-0.8184168,0.9346757,0
-5.409397,3.8374255,0
5.1885886,-0.41529787,0
2.5596464,-7.7247787,0
6.972427,0.10018168,0
1.0702543,2.66338,0
4.17003,1.8366297,0
-2.1177707,-5.431087,0
-0.103907794,0.42619717,0
-0.48566008,-0.78318983,0
4.576814,2.5201924,0
-1.4528152,-2.709621,0
1.8581389,-3.6972938,0
-5.5360494,2.6227891,0
0.954922,3.7720802,0
5.9860005,-3.8032148,0
-4.937017,-6.716279,0
-6.338262,0.826447,0
-0.72664756,4.377143,0
-2.2530484,-6.620787,0
0.2818819,6.265117,0
6.9382997,-1.1634238,0
0.5303575,0.6855982,0
-0.40491408,-0.40494126,0
-1.2176241,-5.8027415,0
-6.1986594,-3.6503549,0
-1.2233977,-0.76329356,0
-3.6205392,-0.6875091,0
3.40154,0.08983566,0
1.2254874,-2.7688758,0
-3.930273,4.1322613,0
-2.9702177,2.6104503,0
-3.8920105,-0.3626598,0
-2.0984418,0.25722536,0
-3.6319928,1.9807644,0
-3.4387925,-3.9313693,0
2.4604032,5.359957,0
-7.4842353,1.8768251,0
-4.421376,-1.1076299,0
-3.216957,2.064118,0
-3.3791068,-3.2214363,0
-1.0353963,-2.2275252,0
-2.0098302,-4.525829,0
3.0306172,0.16645876,0
5.257109,-1.6381128,0
6.3129106,5.513604,0
-4.11811,-3.5905466,0
-2.8242245,-1.09486,0
-2.8158963,3.861852,0
3.4418335,-2.7050605,0
2.479133,-4.665576,0
-4.0586143,-7.629902,0
-1.2358361,-1.5820376,0
-0.69352365,0.13463822,0
4.1273003,4.434144,0
0.62387055,-7.935366,0
5.2882776,3.0372505,0
-2.7480748,-2.32694,0
0.8455276,-1.3601996,0
1.6290194,-4.1257534,0
0.49149895,-1.0409408,0
-7.405354,0.69760853,0
1.3224269,-2.1420324,0
3.6474411,0.66686356,0
3.2131503,5.0968227,0
1.4923192,-5.3762574,0
3.3948476,-6.041772,0
0.4421473,-0.7647878,0
-3.1831565,-0.31721213,0
4.0030327,5.79193,0
7.830259,0.8748928,0
5.0636597,-2.2187736,0
-4.0166764,-3.1358287,0
-5.4945297,0.53968877,0
-2.1148684,5.9721494,0
-6.352924,-3.491197,0
-3.6856089,-1.882175,0
-6.4699473,-2.522401,0
-1.2628614,-3.2931097,0
2.9333272,-2.0908084,0
1.4933321,-1.0016066,0
4.9645205,-1.610466,0
-0.7350991,0.14497815,0
-3.568372,2.023843,0
-2.0577683,5.57384,0
3.960538,-4.0288167,0
2.8202617,-2.0443697,0
5.7980247,-2.091773,0
0.49385825,0.82237685,0
3.5903606,1.2815394,0
6.4277873,-5.616864,0
-2.3851428,0.41626096,0
1.248923,-0.30934477,0
4.0619645,5.5443697,0
2.408164,-7.1764693,0
1.5499105,2.4956214,0
2.954992,5.534151,0
0.950599,-1.295621,0
-0.5839962,-6.4951067,0
-1.2230169,4.595919,0
-2.2406347,-1.072856,0
0.33650336,-4.1660643,0
-0.9909037,0.14651166,0
-5.0828056,6.884974,0
0.35876998,0.093027964,0
4.3446474,0.16466847,0
-0.3496269,-0.17072697,0
3.0757766,-5.769006,0
2.1844752,-7.5744295,0
1.1662154,-1.2435825,0
1.4744141,0.6216955,0
2.9979503,-1.2914265,0
-4.4657617,-2.421133,0
-4.1531696,3.0725543,0
-0.87549764,-4.772236,0
2.792546,4.4611583,0
0.31128973,-1.8603072,0
-5.2422185,-5.8916454,0
3.4133208,-3.2534668,0
-0.757707,-1.8845388,0
1.6177635,1.161047,0
-1.6342592,2.917826,0
-0.75756675,-6.6905894,0
-2.490724,1.6449715,0
-2.0033808,-1.9731083,0
5.139557,-0.45215055,0
-7.7649817,-2.3849862,0
-1.6282588,-2.639207,0
0.2578467,-0.13947137,0
-4.645584,-1.6342865,0
0.102231316,4.477588,0
4.6036687,-3.7329865,0
1.9713728,-5.945444,0
4.058288,3.6250045,0
-0.1374649,0.18567869,0
-2.7075791,-2.8040504,0
2.8757613,-2.857878,0
1.8669947,-1.9997414,0
-1.5863177,4.600353,0
3.6719155,-4.2145524,0
-5.741066,-4.0712724,0
-2.8760269,1.1293509,0
0.057631243,4.413781,0
-6.8006244,-1.491518,0
-7.0869823,4.985954,0
-2.4523516,-2.0474322,0
-0.7732293,-7.393644,0
-2.67129,1.3619285,0
4.0204263,6.1589622,0
0.121013544,4.76672,0
-2.1234834,-0.8780578,0
-8.183091,-1.4724104,0
3.2416883,1.0123589,0
-0.03740295,3.4285288,0
-5.340589,-4.59161,0
2.871269,2.9723654,0
0.8781837,0.07210134,0
-2.2799191,-0.100556485,0
-1.1521263,-0.57315314,0
0.053055067,-5.7502446,0
-0.7518741,7.3603177,0
2.2484744,-1.5388023,0
-4.175125,3.8737576,0
1.0430843,-2.4939516,0
-1.1264006,1.4007496,0
5.8032365,-2.1165311,0
-3.7635148,-1.8680927,0
0.89315164,1.8651108,0
0.7719617,4.5397124,0
3.3732715,-3.7866888,0
1.913852,7.07648,0
-4.3917723,-0.195968,0
-3.8029666,1.1032714,0
2.3666918,-6.116913,0
5.981087,0.11209211,0
-4.7019167,0.32171407,0
-2.238998,3.9048173,0
-2.4539175,-4.931698,0
5.1035247,6.4552007,0
3.3394434,1.0305355,0
-3.9189715,0.17694268,0
-2.8176534,7.955136,0
-3.2216427,5.0998974,0
0.43199915,-0.14426774,0
-0.8865863,-2.0861533,0
2.077351,-5.559692,0
2.1810503,-2.5977168,0
-0.10104129,0.69399935,0
-5.2823277,-2.0691488,0
-0.31689337,-2.9839823,0
5.9956017,-1.9607254,0
-1.1416881,2.0156658,0
-0.05859925,-6.3576508,0
-2.9776926,2.8175564,0
8.545747,0.79228276,0
5.386574,-5.8485765,0
-1.7187567,5.139759,0
-0.32239142,4.114244,0
4.597829,5.1623135,0
4.544434,-1.2393682,0
3.2641022,2.7964168,0
2.6244109,-5.0917435,0
-0.62031424,-4.286935,0
2.242898,6.09908,0
4.8829484,1.1113054,0
-0.88664174,7.07728,0
-1.6421065,0.766164,0
-0.07074247,3.6347044,0
-1.5546621,-5.3035436,0
-0.87044686,3.9016051,0
4.311293,-0.0049870335,0
-1.7430739,-2.220338,0
-1.6555344,0.44689572,0
-0.21187238,-5.6205606,0
-4.6672297,1.6617906,0
5.359245,4.4783573,0
-3.176227,4.669355,0
-3.4936903,4.6022468,0
-2.843236,2.6071906,0
-0.8895444,-3.0453088,0
1.9075552,-6.644266,0
-4.3683224,1.9904202,0
4.930927,-0.84744495,0
-0.96281785,-3.4168324,0
-4.577693,-0.264161,0
2.252893,-0.010200126,0
2.220642,2.8630738,0
-3.3757126,-2.972743,0
1.1182293,-1.4889978,0
-0.70925796,3.0411716,0
-6.6159215,5.4952326,0
-0.5477378,0.6376688,0
4.81732,2.3760147,0
-3.0241091,-1.3566117,0
0.59606814,0.7535687,0
-0.08036405,6.382379,0
-3.8732343,5.706,0
4.3376827,4.1988463,0
-1.0412406,-8.059372,0
7.3110275,3.7729933,0
5.3834395,5.5112143,0
1.5598279,2.1781497,0
-3.8644373,-1.740844,0
-5.5264683,1.5141675,0
-2.4888194,1.526102,0
0.59788615,-2.7209861,0
8.137787,-0.925325,0
-1.5302435,-7.248983,0
-0.29888532,1.2478406,0
-5.6124663,-0.84867674,0
-4.624171,-4.0457225,0
3.2662394,0.6115228,0
1.4086933,-0.35697106,0
-6.8529506,-5.9483223,0
0.13855796,-3.7645874,0
0.81220776,-4.5119414,0
4.459995,1.1623118,0
0.33837676,1.7364702,0
-2.2955024,-3.1267676,0
-3.6277523,-5.0275803,0
-2.4052958,-2.4540799,0
-4.267896,2.7766008,0
2.125207,1.9768773,0
4.8126354,2.2467968,0
-4.672328,0.8540565,0
2.2834735,-5.237609,0
1.0734698,3.4788594,0
-5.3307953,-0.52008176,0
0.95235914,1.2954805,0
5.039641,-5.8926682,0
2.2107983,-3.0053535,0
5.2853694,-6.2218046,0
-0.18976292,-7.04757,0
-4.2739906,-0.41788352,0
-0.47458294,-3.4103172,0
-4.7558174,-7.386462,0
2.7087622,6.017649,0
8.060296,-2.410273,0
-4.551712,1.4648206,0
-6.0104337,-6.0156217,0
-2.8010995,-1.2618302,0
-4.0644226,-3.4049594,0
-8.232072,2.9548762,0
0.86043197,2.9124928,0
-2.155926,4.668338,0
-0.4829565,-4.565611,0
3.4859815,-2.3381653,0
1.6764997,-1.5819355,0
0.8582495,-5.875481,0
1.9747957,-2.1485548,0
-0.011490106,6.8794804,0
3.3442028,3.6500032,0
-5.149065,-3.6131377,0
-3.5617015,-1.5646901,0
3.98151,-4.57989,0
2.3748863,3.905797,0
-0.13534915,2.5038729,0
-0.5785595,0.32941118,0
-1.9174532,1.5718195,0
-3.5505917,-1.359975,0
-0.3099911,-5.109619,0
-8.125284,2.0657372,0
-4.128812,7.561759,0
3.010558,-5.7879066,0
-4.1800976,-2.3062863,0
3.6192594,1.2002012,0
-1.2541993,2.062263,0
-1.5149912,-3.9946942,0
-1.1052501,0.3597642,0
0.064919904,5.854228,0
3.7679305,-1.3527777,0
-2.1434035,2.123747,0
0.8331801,-1.6479359,0
-4.4579697,2.071111,0
2.8637118,2.2851412,0
5.670516,-0.6451021,0
-5.633269,-1.6114396,0
-1.7471823,0.32797426,0
-0.79294956,-2.0814312,0
3.2982779,3.8228018,0
0.8519135,0.29445782,0
5.5975847,-3.5751393,0
-2.446063,-1.851452,0
-2.000146,-3.859655,0
-1.6381626,0.3131804,0
3.3884845,-0.9299587,0
-3.9099932,2.4912076,0
-2.4290073,-0.5627712,0
-6.1654563,2.0895486,0
-3.76149,-6.141886,0
-0.703859,-5.374072,0
4.5390387,-7.4654326,0
1.3710202,0.7291791,0
-1.2703593,-2.4605844,0
2.3548002,2.8119984,0
0.23082732,0.017113233,0
-0.03119892,-2.8164759,0
2.210984,-0.92841953,0
-0.38191575,3.6996703,0
4.0365767,0.84071755,0
3.1159098,-5.2803435,0
-4.5196686,4.18523,0
-0.632028,0.4507233,0
4.3892736,5.4482474,0
-5.3577623,3.2372022,0
2.5629444,0.8722539,0
-2.221857,-1.8114065,0
5.57125,0.82456994,0
5.7399135,-1.8726944,0
1.559093,-2.1127791,0
-4.0574207,-1.3039874,0
-5.7206297,-0.07137278,0
-3.6912916,1.086567,0
3.3585358,-2.4325092,0
1.4584137,-3.1498578,0
3.3627877,4.7463098,0
-2.1130936,-4.0106735,0
-0.93007386,-4.448454,0
3.96435,2.0023692,0
-4.58225,-0.37895426,0
-4.894961,-7.093442,0
1.9332196,-8.493656,0
0.21127757,-7.323149,0
1.8155588,-6.8703074,0
-4.0644164,-1.8846904,0
2.9901924,-3.2579045,0
-0.44512588,-4.080052,0
3.6508167,3.1124678,0
6.2223034,-4.0529375,0
-3.0673919,-0.81224203,0
5.7619886,1.8248289,0
-6.194806,-0.6922045,0
0.63148046,-1.2280718,0
-0.43045384,0.84067726,0
1.1155977,4.424196,0
4.6660414,-5.5860267,0
-1.5619446,2.324355,0
-1.0372641,0.28545287,0
2.1544542,4.592835,0
4.9365644,1.6827314,0
-3.7075372,3.852293,0
-2.7378907,4.6334443,0
-2.3869922,-4.0575447,0
-4.2522106,1.7385123,0
3.037902,-1.9364502,0
7.9734697,-1.4441674,0
1.4362876,-1.9127686,0
0.9639948,0.064080365,0
-0.38866106,5.5498877,0
4.9795046,1.1089828,0
-2.4917457,1.9956107,0
-2.3443005,2.3549588,0
5.191954,4.144213,0
-5.559958,2.8018486,0
2.231406,-7.5587926,0
5.420005,-2.50965,0
-6.84402,-5.953681,0
0.2347615,-1.1175319,0
3.4654572,-0.20126258,0
-2.0635552,-3.272321,0
-2.5617347,-0.43622985,0
4.535763,0.31854698,0
-0.24355243,-0.99116445,0
-1.502054,-0.4881687,0
2.9671154,-1.9939928,0
1.0053011,-6.3523703,0
-1.2066952,2.6396997,0
-4.0298676,-1.027492,0
-1.598315,-4.346706,0
1.3834505,-2.7348301,0
-6.2846003,-4.7279716,0
2.4206207,2.4092383,0
7.955685,3.293701,0
-2.3258471,4.864895,0
-6.280702,2.362137,0
1.3843342,-2.6499379,0
-2.1055293,-1.5030051,0
3.3540926,4.6359234,0
4.8471317,0.99607205,0
2.3930237,1.8622023,0
-4.41014,-4.203256,0
1.1631941,6.854061,0
-1.9790976,2.4410894,0
5.2036915,-3.3984535,0
0.19614333,5.8840632,0
-3.0291736,4.230492,0
2.9528637,-6.671881,0
4.1125884,6.591886,0
-3.2284918,-1.462905,0
0.41523114,-1.1240113,0
-4.8087616,1.9721025,0
2.1879437,2.2061224,0
4.9535856,3.6942985,0
-7.3934026,1.2945178,0
-0.44453692,2.8824072,0
-0.45916247,-0.79968154,0
4.2750363,-2.24084,0
0.8381317,-7.528676,0
0.20764828,-0.85879844,0
3.0328755,-3.356712,0
0.2548498,-4.796858,0
-0.29335713,3.4978144,0
5.798488,-4.4638944,0
-2.1382015,-1.8317161,0
4.329705,2.993366,0
0.17414936,2.808238,0
3.3361633,-0.63935846,0
-7.215375,-0.21271415,0
0.63269025,-3.4136312,0
0.87673867,-1.3065567,0
3.963963,1.9363488,0
-1.7810766,-8.649472,0
-3.209913,3.1010664,0
-1.6542227,-6.6391444,0
-1.0973979,-3.0311003,0
-4.1800036,3.4326642,0
-0.0041881,-5.985728,0
-2.0796974,-1.1176983,0
4.048952,4.9210825,0
2.5958278,-1.2111118,0
4.833165,1.585001,0
3.0596309,3.6495545,0
3.3846617,-2.4569495,0
0.66861725,1.570721,0
1.1883246,-3.9249747,0
0.372762,2.6001601,0
2.6434026,-6.720179,0
1.9143243,-1.2476574,0
-3.4356859,4.906779,0
1.0938327,-1.1523207,0
1.1660404,-2.0515811,0
-2.9003732,-1.8126094,0
6.396041,-4.394762,0
-2.5729036,-0.05798627,0
-1.9054742,-5.243865,0
-2.2524247,-5.9907627,0
-0.13948137,0.6728554,0
-2.7640057,3.4103286,0
1.5659541,-4.6336603,0
-4.1011653,2.9251344,0
3.3401616,-5.248235,0
-1.1086172,2.930733,0
4.6680026,-0.8977742,0
-1.0746493,-5.3623295,0
0.48201188,-2.077821,0
5.4110737,5.327073,0
0.02236753,-0.08063227,0
4.0862336,-2.985403,0
7.259513,-1.1448663,0
-2.5588412,4.5767093,0
-4.6468678,4.354809,0
-2.0325716,-1.9133127,0
-1.2894853,-6.775838,0
-5.602766,-1.7355474,0
-0.58525306,-0.80637866,0
2.5586245,-0.15779899,0
-2.3146584,4.0494027,0
-0.99172395,-3.667645,0
-6.44312,-2.543332,0
-5.121364,1.1318656,0
6.7893295,-1.1844963,0
1.7635431,2.21048,0
-2.210315,1.917633,0
0.6298518,2.6575851,0
-0.30613774,1.4468416,0
0.115490824,3.1860669,0
-1.3597342,6.3900642,0
-3.8663657,-2.8728304,0
7.511081,-3.8443518,0
-1.3866186,-2.255902,0
2.7834833,3.5510118,0
-2.668321,1.5348811,0
-0.35463938,1.0417302,0
-1.5354149,-1.1447356,0
2.0746484,-5.9511704,0
-3.3919415,-3.0822802,0
-1.6556473,1.3319101,0
-2.2467098,-8.239102,0
-0.97368675,-5.4725595,0
0.25351563,2.2461221,0
-3.5543683,-4.519514,0
-2.1953595,-0.699735,0
-1.8817439,-1.3096789,0
-0.79219383,1.2561297,0
-6.526631,2.9901977,0
-1.211208,-0.073638126,0
-5.966897,-0.40309834,0
-2.6035914,-2.575939,0
2.9491694,0.47247753,0
0.09715812,-5.703594,0
1.4711024,1.4058964,0
2.282585,-0.2566135,0
5.9897027,4.3280463,0
-4.059288,1.508532,0
-5.855531,-3.943548,0
5.3829913,-3.062792,0
-1.6233006,-1.4467486,0
1.6416012,2.505579,0
3.470972,0.6154558,0
0.7333062,4.2621565,0
-7.122514,2.6542778,0
-0.5088298,8.169407,0
-2.4499094,3.1065617,0
6.2086153,-1.0178272,0
-7.3553886,0.32876736,0
3.4570413,2.2689602,0
2.6673763,-0.6548842,0
1.3506771,-4.465578,0
5.4464626,4.443282,0
0.87885255,3.4618888,0
-4.10932,-7.714584,0
0.49023652,-3.5609455,0
-1.1687253,-1.2814777,0
-5.865113,1.1159514,0
-0.33846277,-3.2207649,0
-2.4539838,1.1412009,0
-2.8417976,0.16455546,0
4.5357003,-1.4864894,0
-1.880343,-3.0210812,0
5.02297,4.8495827,0
0.24445952,4.8005295,0
3.3097253,3.3107283,0
1.7265302,-6.678655,0
-0.7632961,2.6343796,0
3.3296492,1.2010977,0
2.5070841,3.6900835,0
-0.60690093,-4.6346784,0
2.4804084,6.4440446,0
6.902986,3.4414248,0
4.6110454,-2.4917815,0
-4.9931583,-2.9380388,0
2.2333958,-2.996663,0
-0.49683094,7.892321,0
2.5927472,3.7081206,0
2.3089006,3.0013971,0
3.2256827,-0.17015052,0
1.2104564,5.420014,0
-2.2979918,3.9614756,0
-2.4185357,-1.6882036,0
-6.9005547,0.7507683,0
-1.4284353,-1.165824,0
4.5623984,4.933253,0
0.87541026,-5.844717,0
5.765317,-0.45204812,0
4.004237,-7.1187325,0
-5.9827085,3.2164366,0
-4.1814566,1.5887427,0
1.505651,3.4017713,0
-1.9254947,-2.1428392,0
0.90273887,-7.5667033,0
-5.666127,-0.9018258,0
-2.5998974,-4.8270044,0
-3.6630645,-1.2476953,0
1.5434746,0.4353218,0
6.80921,-1.7348686,0
1.0669849,-0.14014168,0
-0.8815963,2.1998723,0
3.943665,1.7183406,0
-1.2198131,-3.056573,0
-7.342372,-2.433915,0
-0.77584475,-3.4698486,0
0.8670547,8.504493,0
3.3399365,-8.187703,0
1.4034944,3.613012,0
-3.9145312,-4.831323,0
0.24445881,-2.1658905,0
-2.0328357,-3.374701,0
4.948845,2.2261777,0
3.1167912,0.7952393,0
1.9478459,0.6393088,0
3.0527442,0.35673505,0
2.561989,7.742516,0
4.4051085,-0.20237051,0
-0.11750628,2.073752,0
2.7594953,-1.2606983,0
2.314811,2.795059,0
-0.81287766,1.3982468,0
-0.413481,3.4166045,0
0.5246106,3.7155533,0
2.3616016,5.4681892,0
-6.5525618,-0.8839632,0
-0.7535709,-1.528575,0
-2.0940924,-1.92606,0
-3.764744,-5.4074135,0
1.0629461,0.69189286,0
4.191035,-5.6580853,0
1.3364722,5.730182,0
2.4875402,-4.106064,0
3.4028165,-2.4431124,0
2.1965256,-4.136744,0
0.10749919,-3.9838388,0
-3.7438467,-1.7845743,0
-3.1587873,-7.251553,0
5.6640773,3.8408632,0
-4.0689745,-5.9154396,0
3.1517313,2.2819042,0
2.9283304,-2.8672574,0
4.554722,-7.5267963,0
-5.080222,-0.3305635,0
-3.4068148,-1.456666,0
-1.7624745,-3.53354,0
1.0717112,0.76010257,0
2.2797868,5.814456,0
1.2206191,2.4509506,0
-3.8553755,-0.11598394,0
-2.4427679,-0.88287187,0
0.1466722,-3.051572,0
-0.43112537,-2.403439,0
-1.574936,-4.1965475,0
6.7163153,-5.6641784,0
-2.4222465,-0.3246706,0
-1.895553,1.6343467,0
-7.7076774,2.1131396,0
-3.7627342,6.3393965,0
0.39492622,6.724612,0
-5.5027514,5.059595,0
0.564629,1.1025783,0
4.114987,3.796562,0
2.6472938,-4.6290817,0
-3.0944319,-3.6514735,0
6.1121244,-1.1631964,0
3.050905,4.1216426,0
3.4574401,0.64848995,0
-3.8250444,1.1496865,0
2.662372,-1.2473018,0
-7.338477,1.7452604,0
1.1670378,-3.2890527,0
0.21741866,1.4024171,0
0.08787099,-0.07093092,0
-0.9840992,3.5709105,0
-7.080977,-3.0428681,0
4.432567,-0.35009477,0
3.7984345,-2.0242698,0
-7.7213326,-1.3722123,0
-3.2792437,6.681725,0
-1.6206818,8.050285,0
-0.09582264,0.19084343,0
0.43888173,-2.4459393,0
2.0240967,2.3661075,0
-1.8310467,3.0719662,0
1.2575755,4.3929124,0
4.37899,6.080623,0
-4.654922,-5.7415237,0
-1.3554281,3.5344222,0
-3.0551455,-5.4424825,0
2.0405293,-0.26665705,0
5.7307324,2.4584079,0
-3.535447,-1.0408572,0
-2.4019437,-4.5029593,0
-0.9076424,4.083237,0
1.3869625,-1.6093678,0
5.001978,-2.5452442,0
2.8765543,-0.6582556,0
-1.9904065,0.1549117,0
2.4689603,-0.494497,0
-2.4669511,6.669507,0
-2.5694344,1.526258,0
1.9252243,-8.452489,0
-1.0623062,3.0659559,0
2.3471186,3.1711373,0
2.6999223,3.0947044,0
5.5218835,5.6183405,0
-1.0809486,7.157857,0
-0.8255103,-0.12267061,0
-7.0668826,2.9085937,0
-2.8007972,1.2982284,0
3.2606328,-1.3133607,0
-2.5811338,2.7559123,0
-2.0396318,-0.7578395,0
-6.9346275,-4.5920506,0
-1.9243101,0.7742302,0
-6.118718,4.290747,0
-2.543301,-6.368805,0
-5.6905575,4.233981,0
-2.374687,-3.2133741,0
5.3436103,-2.0826411,0
2.3179162,0.42495167,0
3.1256907,5.0627985,0
-2.442851,2.5151474,0
-7.1394625,-2.8173208,0
-4.20449,1.2818974,0
-3.1866474,-3.0793304,0
-4.253304,-3.0883687,0
5.3585916,-0.80416906,0
-5.5426254,-2.5089464,0
0.0057577034,-0.17728849,0
1.3100704,-0.17798463,0
-5.3854623,-6.132497,0
-4.2406588,-2.8901935,0
-3.3055205,1.5144966,0
2.1942058,1.5470637,0
2.9834292,4.367892,0
1.4322197,1.808917,0
-4.1091433,-0.053121515,0
5.2101054,2.3523886,0
-0.06760349,-4.1531315,0
-4.8380413,-2.4518147,0
-0.14325662,0.3686549,0
2.1552687,-3.3103309,0
1.8347591,3.0313601,0
2.5548007,-3.7552633,0
-1.3610398,-1.491919,0
0.50727683,3.5668995,0
-5.1208997,-2.9897358,0
-2.0138738,3.2260077,0
2.5560122,-5.119653,0
-3.3478012,-3.7527533,0
1.9109113,2.421888,0
2.5013034,-2.27167,0
0.64379346,2.4223428,0
0.06198625,-6.702719,0
-3.839797,-1.7604022,0
-2.2284074,0.922937,0
-0.50909036,2.0954375,0
-0.16390064,-2.7554345,0
-0.66631484,-1.9141169,0
1.302756,-2.7159107,0
-7.706809,-4.1250176,0
-0.9425249,2.0235674,0
-7.8663225,2.9748213,0
-3.3440204,4.8221664,0
0.8932898,4.040209,0
-0.15291245,-0.7016167,0
0.7364947,5.580699,0
2.473907,4.999468,0
2.977072,-1.6840246,0
3.0676847,0.8772151,0
5.1976833,0.5330109,0
3.045127,2.64017,0
5.691822,3.8617928,0
-3.1339273,-4.6723833,0
-1.0455049,7.492492,0
3.9712634,3.8659008,0
0.5976322,-3.4704862,0
-5.3945694,4.353295,0
2.092467,-1.2447324,0
-0.32699355,-0.26247498,0
3.4802597,-1.7884122,0
-2.3928711,-5.816384,0
1.0228124,-1.1921985,0
2.9031336,1.5647069,0
-7.057226,4.008173,0
2.0777862,4.888896,0
-1.4215137,-0.32867876,0
5.585481,-4.2687325,0
-3.0315142,-7.0211697,0
-3.2896316,-2.105111,0
5.5901275,-2.8074017,0
5.0317745,3.5527732,0
-0.26195928,1.1465051,0
1.9583955,0.07575477,0
-1.9534367,-2.6010451,0
-2.7764013,2.5544538,0
0.2862345,-0.11918405,0
-4.305249,1.6741211,0
2.8565516,-5.484438,0
3.844912,3.052083,0
0.9480362,1.561315,0
1.3994057,-1.8599919,0
-0.9467598,1.1398134,0
-2.19848,3.221907,0
2.0206058,-2.624444,0
5.923472,-2.2274144,0
0.8812073,-5.7858934,0
3.349861,-4.5563602,0
-2.5604374,2.3046198,0
-2.8788357,3.3810232,0
7.7502174,-4.175511,0
-6.7848897,2.103931,0
-1.1423364,-5.277406,0
3.9408963,1.5530026,0
-0.21375152,-2.1636953,0
1.220461,2.0102475,0
-2.992937,-1.4914026,0
2.374557,-0.4722471,0
-5.132791,3.3481116,0
5.579288,0.74764603,0
-3.3302133,1.7616029,0
4.054423,2.817199,0
3.7817519,5.6362553,0
-5.350881,2.2923717,0
-5.377705,2.4849365,0
-5.257442,-0.17420782,0
0.33562496,-6.443578,0
-3.6692603,2.5491986,0
-3.139678,-6.970584,0
-5.4161973,2.424971,0
-0.092413634,-3.0739634,0
1.355917,-6.4791017,0
-7.6138067,-3.4092963,0
0.66261005,0.16927072,0
1.0483518,-1.0805763,0
-4.5212274,-3.9423265,0
-3.3506155,-4.2620473,0
1.7207755,1.8186599,0
-4.6035743,0.25619692,0
-8.071428,-0.7396681,0
-4.6034474,-1.1715688,0
3.3486683,3.4291763,0
0.91504383,1.1478981,0
-0.46299976,-2.6204515,0
-0.38287288,-1.1494967,0
1.5797727,-2.8034523,0
-0.40289515,-0.12132182,0
0.72570944,-4.47387,0
-4.1397676,0.8721524,0
-2.0385654,4.3338065,0
1.7494704,1.5237385,0
1.1911169,6.693239,0
-0.77717274,1.3172334,0
3.188026,-0.59274846,0
-4.5954514,6.0117326,0
0.9578371,-2.5194511,0
-5.781613,5.7357335,0
-3.3897984,4.3494387,0
3.7159135,-2.1575704,0
6.8969917,2.844945,0
-2.728844,-6.11702,0
3.594484,2.3882275,0
3.7479255,4.31237,0
3.2315333,-1.7003894,0
-1.4238994,-0.049214814,0
-4.239731,-1.2254825,0
-0.3792764,-4.636691,0
-1.6941813,-3.7683218,0
0.25691015,2.6797435,0
-1.7835275,0.7539484,0
-0.47365847,-5.6555543,0
3.4461057,-7.2805634,0
-1.1090653,1.008392,0
1.5836097,0.42103928,0
7.396394,1.3733974,0
3.3485384,1.8705928,0
2.8018177,1.9141498,0
7.621699,3.0665624,0
1.2367632,0.33706465,0
1.8976867,-3.800646,0
0.13199131,-1.01419,0
1.0745105,2.9146025,0
3.6591034,-2.8155892,0
2.0782912,-2.9565077,0
-2.6476107,5.8401923,0
-0.11357526,3.0422883,0
-0.64460945,1.0406806,0
1.2336822,3.1349597,0
4.964796,-1.6499898,0
4.9820933,-1.4587252,0
1.7158028,2.9589224,0
-1.6748425,1.8297424,0
0.79791063,4.2722945,0
-2.5712302,6.669194,0
6.891892,2.261474,0
1.7642242,7.809138,0
0.52415663,-3.7899168,0
-5.8517423,3.5679085,0
5.0084004,-4.1481466,0
-5.0683556,-4.7928658,0
2.6909952,6.7687554,0
-1.6234685,-1.8258945,0
0.2830733,1.0256374,0
-7.7762876,0.87074417,0
-0.22779135,4.818386,0
3.6632679,-0.44573936,0
5.701877,0.37434784,0
3.7464828,1.2551602,0
1.5352858,-6.6387477,0
2.1503494,-2.432321,0
-0.14599371,3.3173664,0
-1.0254463,1.1246288,0
3.8334916,5.1564326,0
-1.8607396,-4.236295,0
-2.4523888,1.1859611,0
-2.6322994,1.0571226,0
-0.3814349,5.608953,0
1.344806,5.1183047,0
2.0497346,4.242595,0
-2.9541442,-2.5081668,0
4.8320675,5.5108476,0
5.356231,2.3857949,0
-0.57724255,2.8053825,0
-2.626338,1.226885,0
0.6565665,1.8382846,0
-3.4452417,0.9521524,0
-4.8250566,-2.6905746,0
2.6217976,-3.7862086,0
-7.2047014,-4.6120152,0
-6.401342,-3.5678895,0
-1.2632984,-4.5271087,0
1.9626068,-2.6666844,0
-1.38764,-2.8815572,0
-5.95422,-1.2916256,0
6.601809,-3.0695207,0
-7.9173646,0.77172756,0
-3.6578403,4.138025,0
-1.0838274,1.0830222,0
-2.5082886,0.19054145,0
-4.8390574,3.981745,0
-0.86899525,0.763771,0
-3.3126276,6.2579026,0
1.7589692,-5.6057734,0
-1.1972395,-1.4128841,0
-8.690492,-1.7458165,0
4.5995584,0.9651864,0
1.3054857,0.016169209,0
4.018126,-1.6580237,0
3.2736027,0.002362171,0
4.653215,3.4308,0
-1.2886254,6.1314197,0
-6.200464,-3.147585,0
0.45984286,-1.8145247,0
0.56179124,4.286053,0
1.7690895,2.5070171,0
-0.4052689,0.62012094,0
-2.2358768,0.00968329,0
1.2773547,0.7299224,0
1.5275112,-5.04296,0
5.4034667,-2.6646888,0
-2.4172027,-4.1532826,0
2.6326027,2.3376842,0
0.83521956,1.4315348,0
-1.511377,3.589113,0
1.0041071,-7.900807,0
1.6857356,-1.5763277,0
5.408314,3.3615344,0
3.7429247,-0.81503165,0
-5.7399898,-2.400959,0
-0.4160582,-0.15276021,0
1.2453384,4.1883802,0
1.6565846,5.6404276,0
0.82257396,0.7693968,0
0.57469153,-0.58290386,0
-1.3115507,-0.8673851,0
-3.8272386,0.8228373,0
2.6878502,-0.5626847,0
6.026208,0.18925521,0
-1.3071047,3.66519,0
5.272426,0.30208135,0
-2.6398637,0.9651449,0
-1.8653271,-2.5830054,0
-2.873989,-4.1793146,0
-2.8724174,-2.9952757,0
-6.9464097,3.1934314,0
-5.47309,4.652701,0
2.3834808,3.8092499,0
-2.3425195,-3.850729,0
-6.2368383,2.4681447,0
4.744136,2.9687383,0
-4.117729,-3.4919796,0
0.30794322,0.7858127,0
3.841219,-0.76668316,0
-1.2131705,-2.91424,0
0.28076038,-3.9449036,0
-1.8702533,-2.5039794,0
5.5454745,-1.0262486,0
-3.1216447,2.765762,0
2.9978387,-3.397796,0
-5.5664816,2.738203,0
-1.5829383,-5.907934,0
0.7199198,1.1195817,0
-8.320062,-3.062936,0
-0.30028456,2.394764,0
4.7763314,1.6219045,0
-5.444956,-2.2334301,0
-0.6405501,-0.85533416,0
-8.110636,1.4361897,0
2.3691266,3.68206,0
-4.7578907,-1.1073613,0
-5.986082,-1.5521255,0
2.6431026,-0.2609648,0
0.5611986,-3.5187073,0
1.3643848,-1.4527727,0
0.3411387,1.729833,0
-4.658169,-1.5039854,0
0.45767012,-2.6301603,0
0.101140596,-3.7216167,0
-0.009106667,4.518975,0
-5.4529305,4.861202,0
3.3876195,-1.7843701,0
-0.80880904,-0.20258597,0
2.0243769,4.452472,0
-5.840146,-4.0115075,0
4.6794143,-4.314455,0
1.9391439,2.552584,0
5.228326,3.040605,0
2.2982798,-1.3293164,0
-4.0189757,5.0930853,0
6.634748,-0.33560622,0
-3.7633731,2.4923027,0
-1.1012743,2.7488008,0
4.032201,3.487907,0
2.827011,-2.1860933,0
4.248673,-1.2560166,0
-1.8108621,-7.464463,0
5.712697,-1.2071067,0
-0.58385736,-0.45451128,0
0.37943083,1.6077908,0
0.8482781,-4.6621723,0
-0.44433987,-3.7438796,0
5.3448753,-0.22509943,0
0.99642915,-4.2761617,0
3.0199351,-4.545956,0
1.5438522,-4.486331,0
-5.157035,4.8471985,0
3.4074786,6.743211,0
-0.34551787,4.7235446,0
-1.3317145,-4.855806,0
2.50586,2.9757407,0
-2.6111805,1.608058,0
-3.6402373,1.8074963,0
-0.16644144,1.9547886,0
5.613161,-2.7413194,0
6.5697155,-3.0325384,0
-2.3248618,-0.78274745,0
3.848273,3.5023327,0
-0.6647864,2.0520146,0
-0.36041853,5.140213,0
3.6576142,6.432529,0
5.880698,4.433439,0
4.9796376,3.380455,0
5.1546583,-4.5795813,0
-1.5848429,-3.9184756,0
-4.767358,4.4166994,0
-1.6069565,4.7603593,0
-0.39357153,3.523208,0
1.2941813,-4.726339,0
3.2220721,6.1424413,0
5.566393,-1.8159969,0
5.6709886,-0.7365126,0
-4.4160023,4.646819,0
1.3358985,0.20453934,0
1.8408614,-5.757054,0
2.5508842,3.215581,0
4.991177,-4.666127,0
-1.3776733,-3.323141,0
-0.6283861,-5.69686,0
3.0234175,-0.8010424,0
4.7815523,-5.3269787,0
-2.2492726,2.316797,0
-0.2868805,5.8493824,0
4.1250668,1.9873989,0
1.3708692,-1.0519143,0
-2.928661,-7.963006,0
-1.6645612,-1.6456171,0
2.6961763,2.704023,0
0.617298,-1.9015044,0
-1.076561,1.332096,0
-4.616182,-3.7054324,0
-3.696724,-1.4510018,0
-1.1959361,-0.98341745,0
1.9821026,-8.41755,0
-0.24332753,3.0588536,0
-0.60009223,-8.3098545,0
-2.3161943,0.05743985,0
-0.7635444,-5.5578136,0
2.1137269,-1.4312313,0
0.4327859,-3.1529198,0
3.047962,-5.803037,0
-0.26856437,-1.1059182,0
-1.5634056,8.054254,0
-3.4088337,1.2744733,0
1.9100655,2.3594048,0
2.3362858,-4.7732854,0
-6.947713,-0.3720976,0
-1.852981,3.8392398,0
-5.1963696,3.005738,0
-2.2442968,3.4552174,0
-0.8397937,-0.4720903,0
-1.2548088,1.7960516,0
1.9038284,-2.734602,0
-3.4477136,0.42233595,0
-6.889713,-3.5981872,0
-3.9062417,-2.9061327,0
-1.7208418,-0.21691792,0
-1.3787453,-3.3103654,0
-0.58323556,-2.2297153,0
-0.8273099,1.7918226,0
3.492611,1.4053414,0
2.7425833,2.8138502,0
-3.1919286,-0.22723329,0
-6.3157616,4.4934874,0
-0.5926499,1.4352071,0
-6.085599,1.4099578,0
4.3114395,-3.8067443,0
-1.12991,-4.3820796,0
-0.077556334,-0.1662739,0
-6.519965,-0.58218163,0
1.2652979,7.2654405,0
4.374196,-2.5148041,0
7.8809667,-0.10972507,0
0.13196895,-7.181264,0
-1.752363,2.0804923,0
-4.5229373,-2.3853989,0
-0.98191476,0.15527046,0
1.2615508,7.4197326,0
2.087266,-1.0624098,0
3.72593,2.497757,0
-0.31956446,-3.8514304,0
-1.0356132,-4.2728252,0
7.9247417,-0.9633124,0
1.2506359,-3.852992,0
5.090229,0.42651173,0
-3.4402714,-2.3059144,0
6.158319,-0.64851934,0
-0.28226355,2.2829015,0
-6.7908835,-0.04223315,0
0.08043472,-0.98739487,0
-2.8672178,-0.48508137,0
-2.5745575,-1.7377312,0
-0.5660689,0.997451,0
4.1031084,-0.93107826,0
-6.5238795,5.09237,0
1.823868,2.8200743,0
3.536264,-0.12535568,0
-3.7544208,-6.2119517,0
-2.4226627,-2.0805068,0
3.5263746,3.4863267,0
3.368149,-3.8649712,0
0.9539273,-2.8265069,0
-1.2586995,2.5407043,0
-1.9915625,-3.7272973,0
-0.87381315,-7.356852,0
6.324017,1.8475813,0
4.9746413,-1.7208654,0
0.38312554,1.7115672,0
6.0778317,-5.1833105,0
0.04493711,-0.32793766,0
-5.562399,-3.494824,0
2.2333033,3.0506916,0
0.35737497,6.172657,0
1.2212336,3.8238237,0
0.023860984,8.145404,0
2.2088199,-2.9345233,0
-3.3971257,3.2923496,0
3.5697548,-4.8997602,0
2.3470554,-0.27039474,0
-0.15980828,0.41627824,0
8.10754,-0.73480767,0
0.3100613,-2.980642,0
-0.75723165,2.276823,0
-7.106509,0.37957254,0
2.1396554,-4.4893603,0
1.6993749,2.6247385,0
0.5271662,-8.448786,0
-1.5383424,3.6205368,0
4.252765,2.7314658,0
1.2632878,-1.588246,0
-3.4174204,3.454721,0
1.2511901,-1.6397791,0
-2.5598555,1.6874194,0
-4.167048,0.7885758,0
5.782474,3.426568,0
4.391043,2.2854145,0
2.1556249,-0.16205218,0
-0.9985254,-3.1143737,0
-0.29562062,2.0801928,0
-1.4073013,0.9033471,0
3.1952562,3.5342357,0
-1.0417674,7.220718,0
-5.095102,-2.590462,0
5.6345496,0.9966636,0
1.473596,3.7297246,0
-4.282693,2.9631133,0
-5.3392396,-6.114269,0
5.5274477,-0.6542056,0
-4.9133863,0.44479373,0
2.4435294,3.1729758,0
2.9496415,2.5983357,0
3.644,5.327424,0
0.6616466,1.2266467,0
4.4294786,-1.0505795,0
0.60009587,1.4393225,0
-8.72692,0.6892496,0
-6.268023,3.6726625,0
-2.3583674,1.3920178,0
-7.6749005,-2.493147,0
-0.82270867,4.537489,0
3.4092607,-4.9783707,0
4.1940827,2.2020335,0
3.1220531,-3.7268224,0
-3.6389096,4.1526284,0
3.8737833,-0.06873358,0
-4.4913487,7.34735,0
-3.775334,-1.3110012,0
1.8971322,-0.7092936,0
4.138766,-1.551455,0
4.6072874,-4.9383144,0
-1.4673549,5.2932935,0
-2.7405334,5.117769,0
1.6515752,0.912604,0
-0.32495216,1.7903522,0
-8.048534,-0.20681769,0
-3.2268186,0.43052486,0
5.442861,-2.6049204,0
-2.951068,1.2834055,0
2.5862958,-0.47019193,0
-3.5138679,-4.0679393,0
4.448065,-0.2719378,0
-1.4227225,1.1474577,0
2.030958,5.235122,0
-4.6309366,1.2670631,0
5.7137675,0.4176534,0
-7.6061687,0.1588924,0
6.966742,1.6066704,0
0.36227933,7.498879,0
-7.1702394,1.2270104,0
0.07634877,4.2859106,0
5.308036,4.5478315,0
4.404462,-1.3382541,0
-3.4498553,-1.1183345,0
-5.677868,3.4410307,0
-1.1111087,-4.933932,0
2.8860314,-0.8819771,0
1.3078783,3.8038507,0
3.2644305,-0.5739412,0
-2.4411356,-7.9693646,0
-1.3609413,-5.99382,0
5.9833856,-3.5986881,0
3.3787608,-0.70441777,0
0.04830329,-5.7746167,0
3.5147233,-1.1900537,0
-1.2306406,4.6714334,0
-2.4801595,2.0008323,0
-0.9621399,-0.66225743,0
-2.2022521,0.60473937,0
0.31023496,1.5650386,0
5.053993,4.7569494,0
3.0840197,0.18187022,0
1.6631894,5.0202003,0
1.9574287,-1.7775005,0
4.5721345,-5.437909,0
5.5688024,5.555722,0
-0.42277545,7.1308002,0
6.0961576,5.8343887,0
-5.6567006,0.7475665,0
6.2045817,2.8160117,0
3.2547362,0.7258504,0
4.5965366,2.7110162,0
-0.11409734,2.4394298,0
5.5673466,-3.8872273,0
-3.2534685,-3.9356275,0
1.3930379,3.7206867,0
-4.400909,2.1353586,0
4.8604035,1.0203053,0
2.346441,5.8941197,0
2.5164287,-0.0917495,0
3.3289285,-2.6961749,0
0.63118,-6.619273,0
-1.2582204,3.4383261,0
2.986612,1.9317472,0
-2.1992564,-0.36514166,0
1.0197631,2.0286627,0
4.080745,-7.1200895,0
-1.6877958,-4.9325585,0
1.72197,0.44702986,0
0.6022096,-4.9359064,0
-2.367164,-2.008133,0
-1.6989253,3.9120073,0
1.6003838,0.48898315,0
1.1648891,-6.129312,0
1.1336128,1.8616339,0
-0.90600675,4.703009,0
1.6612555,4.5327067,0
-1.3117176,2.409024,0
7.5893793,-3.9482217,0
-3.9248192,6.6199284,0
-4.5895133,-2.2753906,0
-8.304341,0.2589201,0
0.60683584,1.2434468,0
2.457218,-2.0694504,0
-2.5216794,0.9717457,0
-2.182015,-2.2938273,0
3.0937312,-1.3409015,0
1.3771336,2.8617692,0
6.9538074,-2.4294515,0
4.7245054,-2.504488,0
-5.308104,-3.001395,0
6.1869116,-4.0273557,0
6.197916,0.39359266,0
-3.4970868,-2.6146328,0
1.7648793,6.446313,0
6.6762037,2.0410578,0
1.1949623,5.4404655,0
2.9640996,-2.4045937,0
0.6583452,2.127081,0
-0.8566984,0.14536427,0
-4.0484853,-3.1325793,0
2.7878814,3.3702586,0
1.4093403,-0.913333,0
4.225624,4.325852,0
-4.6535254,-2.4572654,0
1.4461257,-1.9747486,0
3.6617875,2.303817,0
-3.6737,-0.37938383,0
-1.774105,2.5110993,0
2.5693152,2.9112093,0
-4.7713323,2.6901894,0
0.47330636,2.897576,0
4.047989,3.3388789,0
0.78271866,6.6962056,0
-5.1675744,3.9422343,0
4.8589373,-2.9511971,0
5.17469,3.8308752,0
1.8452597,-3.6361663,0
0.76021326,1.3262335,0
1.8910768,0.74536127,0
1.9316691,-0.36968726,0
2.3854425,-2.1072998,0
-4.910652,5.461888,0
-0.24046673,-2.5400307,0
4.2093215,-1.1337463,0
-1.6177917,-1.718018,0
-5.2938695,-1.3486928,0
1.6544826,-1.2422993,0
0.3424082,-3.85692,0
-3.066536,2.6365223,0
7.439368,-0.09447449,0
7.3283896,4.7990646,0
-3.8653307,-1.015394,0
-0.43089846,-4.261041,0
-3.8832283,-2.8296623,0
0.6204354,-2.077283,0
-2.7891033,4.865966,0
-1.970107,3.2235513,0
-1.7396584,-0.16242814,0
-1.4236773,-1.4711586,0
-1.7860823,2.6847594,0
-3.5927057,1.8191537,0
-3.3099184,1.2812629,0
-0.39238623,-5.1012197,0
-3.1160953,0.06576318,0
2.4788713,-3.6944373,0
-4.510916,-2.3929875,0
-6.625226,0.70468104,0
1.4481483,6.1693687,0
2.2565308,0.34736595,0
4.0797567,-2.0497828,0
0.45292166,2.0361662,0
-6.3319945,0.064614646,0
-4.857951,-0.6281017,0
5.2761803,-3.24179,0
-1.6045128,-2.6461635,0
1.1204748,1.3589272,0
-4.0273147,-5.2830606,0
6.123158,-1.7864709,0
-0.50875604,-1.3644468,0
4.421795,0.20897928,0
2.6290686,7.781952,0
1.1096044,-3.4872508,0
0.04467254,2.3205068,0
-1.5258013,-4.0795484,0
0.9066871,5.8635745,0
-3.2277431,2.8995304,0
-0.20802422,-0.08329842,0
2.3594215,-6.3011036,0
7.0367084,-3.3077395,0
0.6417467,-1.3165861,0
0.28835633,-0.7795491,0
-0.14849763,-4.0741954,0
6.077279,2.96116,0
-2.081237,0.5546613,0
6.0984144,-3.8397255,0
-5.2462635,-3.4508338,0
2.0075057,-5.2981863,0
2.88721,-0.007133375,0
-6.4848685,-2.312829,0
-2.3217344,0.052386504,0
4.626386,-0.18984438,0
3.929942,-1.4120221,0
4.973613,5.1441994,0
2.1054442,-0.29708385,0
-3.0088434,1.4837826,0
-3.4459302,-5.1597295,0
1.5681767,-7.318389,0
1.4291111,-6.8819227,0
-1.6861975,1.2801633,0
-1.7884371,2.5502987,0
-1.3588265,-0.4894389,0
-2.2886336,-3.0282192,0
3.3875582,0.27286234,0
3.2740674,6.784233,0
3.3776433,6.3783693,0
0.48642358,-3.5349305,0
2.388734,4.295812,0
-2.2177553,-0.79283535,0
-2.9830575,4.9442377,0
-1.4950945,-0.7775178,0
-1.6704962,-1.7875186,0
4.353559,-3.826175,0
1.1727973,1.2948371,0
-1.8970926,4.025423,0
6.4479413,0.6821859,0
1.1783932,4.1739984,0
2.1282032,2.3568563,0
-0.19493018,-3.7036374,0
0.4846364,0.8053351,0
-1.0624176,-4.7077146,0
-0.07291756,3.0832663,0
-1.351315,-5.1013007,0
-0.12762676,-1.4775435,0
0.4266865,0.8024326,0
-4.571193,-1.8327749,0
1.5326173,2.620779,0
0.20256522,3.8540502,0
1.0272754,1.2354258,0
-1.120715,-1.0877512,0
5.8092327,-1.4784389,0
-4.439456,4.2288585,0
3.580494,-0.24104136,0
0.9486896,-7.796719,0
1.1718863,-2.4041872,0
3.0896018,-1.2623552,0
-1.5572919,-0.8215074,0
-0.87274724,3.320044,0
4.1238513,-5.643417,0
3.5378342,3.6192226,0
-0.029501356,-2.3851154,0
-1.7115288,0.68149793,0
-0.7920734,-0.4360401,0
-3.557997,4.2237153,0
4.0100784,-1.4836395,0
3.6064267,1.5334027,0
-5.075089,6.9123306,0
-4.271864,-2.2807534,0
-3.9877126,2.8584964,0
7.538306,-1.8337082,0
-0.672546,3.297388,0
1.286408,-0.3926194,0
2.0532894,0.15738459,0
5.496927,-2.9898617,0
-6.602865,-5.329286,0
4.5231404,-3.953105,0
-1.5798539,-5.9130516,0
4.6201015,2.0005927,0
0.7781892,-2.3598711,0
2.1551652,-4.7604423,0
5.787595,6.7773013,0
-2.4011548,-4.271323,0
3.0439517,3.1796591,0
-0.80207515,2.3239691,0
-4.0277505,-5.5523515,0
-1.1715062,-4.89153,0
3.035269,2.8636703,0
-0.70576644,-2.0723548,0
-4.3003206,-4.004943,0
3.0380208,1.8892785,0
7.279345,1.6431818,0
-0.34451848,-3.8365808,0
3.1524103,6.843591,0
7.599733,-1.902678,0
-4.045876,-6.8570366,0
-3.6774678,1.4658612,0
1.5008073,2.9748514,0
2.069687,1.5204952,0
-4.2955227,3.3778427,0
-2.410409,-1.6577288,0
-4.118513,6.5655713,0
-0.5708528,-2.3844051,0
-0.66405123,-0.258861,0
-1.835298,1.9533281,0
0.8606234,2.5973473,0
-0.7028172,-2.6459074,0
-6.497794,5.147056,0
-5.7892327,-6.8370457,0
-2.579845,1.3761115,0
-4.75958,-5.03824,0
-5.2736244,-1.0945814,0
2.3906837,-3.1791515,0
-3.1486533,2.903126,0
-0.25044614,1.9796511,0
3.9195905,2.7291312,0
2.5491946,-0.4040545,0
0.21802264,0.10290149,0
3.7480013,-1.983248,0
-2.8062832,-0.96881443,0
-0.5047038,-1.6406825,0
0.40477246,-0.0059116376,0
2.644506,7.8461432,0
0.3060827,-1.7087733,0
-0.5164026,5.083721,0
-0.7481288,1.6057726,0
0.9535858,-3.2997,0
1.1964216,2.1308393,0
2.13414,-5.558793,0
-5.3996644,0.72144544,0
3.5160518,-1.2541163,0
-2.5899656,5.387049,0
-1.2044023,1.0442475,0
-2.5562918,-2.517361,0
-4.536399,5.2078357,0
5.4432163,0.5649997,0
2.0007627,5.856478,0
7.717815,0.62571627,0
3.8382955,-3.0264604,0
-3.3734803,6.609706,0
-0.7332988,4.4554706,0
-2.924747,-4.9865084,0
-0.2736558,5.2561727,0
0.56460756,-2.157096,0
-4.60202,6.0252275,0
-6.1224875,-0.5752228,0
-1.6854194,4.0532913,0
0.84274846,8.3239,0
0.86036736,8.546973,0
0.41176018,-1.4034195,0
-2.373016,-1.732616,0
-0.15111367,1.903066,0
-3.802932,-0.42841598,0
1.133653,-3.8719423,0
-4.801533,5.376232,0
-5.1154923,1.0119097,0
-0.5007197,6.6183476,0
2.9077096,0.63881993,0
-6.957212,1.6526282,0
-0.7999964,5.6804194,0
3.9048882,1.7460119,0
2.007008,2.0563965,0
-1.0028192,5.9773655,0
-2.5593526,-2.4073594,0
-2.7409582,-1.2377899,0
3.1967568,5.010119,0
-1.8586855,-1.3024014,0
1.8912108,1.6461978,0
6.5722823,-3.1640913,0
-3.684702,-2.4451442,0
-4.137752,-7.4196286,0
4.018397,-2.925655,0
-5.317375,-6.029895,0
-1.6356696,-4.8540883,0
-1.8055828,-5.052685,0
3.2126381,-1.1871729,0
-2.4638267,-1.2474974,0
1.3026396,-5.2522554,0
-1.889314,5.851059,0
0.43977174,2.097433,0
0.9875195,2.1756139,0
3.3929474,-6.181521,0
-2.0514922,8.454944,0
-5.3273606,0.377761,0
-0.93742824,6.044127,0
2.2660966,2.2082598,0
4.5286045,2.5769901,0
-0.41254312,-4.424915,0
4.2162585,5.0468836,0
-1.9997355,3.5894783,0
-3.7863533,2.5150852,0
-3.9427001,6.720675,0
-2.0738823,0.88171816,0
-0.39628384,-1.594134,0
-1.2324538,-1.533539,0
0.5444128,-3.7635376,0
1.236645,1.2080313,0
1.4337686,3.0518286,0
3.6891525,0.7732869,0
-0.29632065,-1.0968693,0
-4.097116,-0.83138376,0
-2.2377293,-0.23347284,0
-7.5773563,1.180557,0
1.47143,3.4413419,0
-2.320268,4.5204787,0
-0.8368553,-4.068876,0
1.1772033,-4.274357,0
5.9118013,-1.4860028,0
1.314123,4.444405,0
-0.72734445,4.448658,0
0.59376776,4.200431,0
-4.047293,4.947527,0
-3.3543997,-5.8185906,0
-7.5946307,3.6494527,0
1.7289506,-4.4861045,0
0.76112115,-3.7844572,0
0.20418236,-1.605708,0
-0.6634417,-2.9907634,0
0.34243864,-1.3345147,0
-4.199348,0.0008820649,0
-2.2162755,-8.4421,0
2.4289544,-0.76007414,0
-6.193538,0.048740506,0
-0.8523339,5.6368203,0
6.317373,-5.3393545,0
-3.0865552,-7.256264,0
4.8084507,1.594025,0
-0.7529652,-0.37912348,0
-6.313109,2.6892624,0
2.1285734,-7.1438103,0
3.8961983,3.7317154,0
3.0863452,-1.5935602,0
0.6926048,-2.3980565,0
-1.339014,-6.814671,0
-3.348125,0.1223417,0
3.886264,2.5231278,0
0.18448971,-0.5209467,0
-2.8239958,-2.709628,0
-1.395222,1.7460659,0
-1.7383385,1.4048108,0
-5.649129,-2.2748535,0
-6.5419497,-1.7739191,0
-2.8724623,8.481236,0
-0.7196441,-5.5087805,0
-3.3969777,-6.744393,0
-3.2798336,2.1792653,0
-2.3046825,0.5785143,0
0.28548795,-4.564678,0
-0.24983644,-0.95848435,0
-2.3599231,5.7440405,0
5.276349,-0.7549894,0
-5.0395193,-2.9847648,0
-0.42348832,-3.1464036,0
-1.7921026,-2.4889512,0
-2.9757013,0.7734493,0
4.08604,-5.2137384,0
-6.475224,-4.5431004,0
2.1035097,-3.210752,0
-3.2015781,-0.8660512,0
-3.6248884,-5.138368,0
-0.12282346,-1.8438154,0
-3.1031783,-1.6338649,0
-2.2314374,2.8001463,0
-0.18869379,-5.4755707,0
0.3517695,1.6398398,0
0.93505317,-0.9915959,0
-0.9698107,-3.8909137,0
1.2235862,1.8390805,0
0.9193569,1.4083714,0
-3.3485763,1.2967494,0
-3.1562428,-5.551658,0
5.631168,-2.9354308,0
-2.3374863,-1.9165143,0
3.0771794,1.8530129,0
-0.050995547,4.244899,0
-0.7230319,-5.825151,0
-0.6056555,-2.410146,0
4.246362,-1.2301998,0
2.082438,3.838442,0
2.4042134,-2.4551792,0
1.179542,6.004921,0
-1.2713311,6.4000483,0
-0.32278392,-1.3023807,0
-1.7135135,1.1256388,0
0.8777559,1.0899783,0
2.8054132,1.7487531,0
2.9076347,2.27166,0
7.632382,2.9654794,0
-4.307461,1.8877794,0
-2.958565,-2.6887596,0
-0.9793435,3.555074,0
-7.348467,0.34349328,0
2.149946,2.100494,0
0.7018062,4.693933,0
2.1675813,-2.4769878,0
4.0381155,1.1967679,0
5.2326193,4.226824,0
-1.9862691,-0.019554961,0
3.4117372,-6.0297985,0
0.94458365,-5.107374,0
-3.4270754,-5.271363,0
6.806197,2.7299058,0
-2.1513088,0.117688715,0
0.28362522,0.2685348,0
-0.8670993,3.3636622,0
-0.8061399,1.8951613,0
3.1181567,2.5257251,0
-1.0130827,2.9156437,0
0.79495937,-0.9135252,0
-1.9788159,-5.2112565,0
2.1431959,-2.2952669,0
2.6316667,1.2828394,0
4.064368,-3.0911884,0
4.0261326,1.9916435,0
3.397758,-1.7746291,0
1.3612095,-1.1949548,0
0.6910392,-5.6439023,0
1.234658,3.8873994,0
-5.277924,2.742638,0
4.483505,-2.0538473,0
-2.0369241,-0.8563395,0
-3.5599747,-0.81525886,0
-1.9214052,4.5510664,0
-1.9687941,0.15285213,0
0.84019125,-2.080836,0
-2.1998322,-4.9216676,0
0.124607116,-0.38415843,0
-1.1096385,7.568928,0
-0.3328793,3.0317242,0
-4.1857343,-2.4429774,0
-0.15600441,1.3003701,0
-2.652267,-0.54112947,0
-5.4232993,-2.2282503,0
1.6949173,-5.670669,0
-1.9556653,5.744748,0
-0.54575974,1.8062505,0
-5.5124297,2.0222695,0
0.5252265,-4.033578,0
-5.330802,-4.4796314,0
0.081761524,-0.1748902,0
-2.094795,3.0910938,0
2.960099,-5.2166343,0
-4.5796924,6.307977,0
-2.2868178,-5.6001306,0
2.9963126,4.9404106,0
-3.383273,1.5954483,0
-1.9114081,6.8425627,0
0.34800676,5.4607882,0
-0.2273415,1.7187537,0
-4.7666717,-4.1946425,0
0.6233361,6.30559,0
-5.3019967,-4.636449,0
6.3854113,3.6590796,0
-1.5664694,1.2624059,0
4.5170197,-0.25189695,0
2.0605783,3.351161,0
-3.608078,3.7455099,0
2.594828,4.9703345,0
-3.049935,1.8124117,0
-4.642011,-3.4660053,0
-0.19930919,0.5930548,0
-7.775449,-3.2949224,0
-2.683942,0.64518183,0
5.1776667,-4.584094,0
-4.000391,2.466075,0
0.82805663,-7.0269294,0
-1.1732894,-0.64724934,0
2.6732104,7.2896967,0
-6.601791,5.027133,0
-1.5833479,4.655028,0
4.3660803,-3.146863,0
-0.02456181,6.2112823,0
1.8049344,-1.4311124,0
-0.016864844,0.71840143,0
5.5931573,0.77308476,0
-0.36271775,-3.893976,0
1.0871315,-7.6073146,0
3.4162111,1.3973618,0
-1.1673213,-3.5256884,0
4.5542173,-3.6684997,0
-2.4710197,5.196856,0
-5.9912696,-5.0062904,0
2.4935665,-0.6577148,0
-4.7261434,-3.1882174,0
2.068206,2.2744958,0
3.1266177,-5.0102386,0
-1.3001431,-0.5185422,0
4.158346,7.2309127,0
5.0783157,1.1717585,0
0.8709136,2.2836568,0
-1.6099076,5.786326,0
2.6902735,1.0650955,0
2.8159335,-3.1025038,0
-4.2612243,-3.2570314,0
-0.97431123,0.12499624,0
2.046291,4.327159,0
-1.2662276,-0.5040116,0
-1.201591,2.6545074,0
1.1849035,1.1388373,0
-7.277455,1.9421682,0
5.4948077,-5.8691754,0
3.2306128,-3.7152557,0
5.7418504,0.69161177,0
6.1820354,2.997186,0
-0.70137316,-6.043159,0
3.6522372,2.5757606,0
-1.5310634,0.1254789,0
2.5313702,-0.6166077,0
2.9427254,5.178263,0
1.6821387,-5.3008876,0
0.6324226,2.1383967,0
0.87659496,3.8995645,0
6.640706,-0.8067955,0
-1.7516522,5.8740945,0
2.4756975,0.49162364,0
4.3045955,-1.2628796,0
0.102322794,3.5838678,0
2.6008496,-0.9854591,0
6.917801,-1.7560254,0
-3.0200646,-3.849651,0
4.433849,-0.69985014,0
2.0350068,4.0885158,0
6.121939,0.17584439,0
7.7302103,-1.625957,0
-3.5184076,7.627263,0
-2.4322636,-0.4906114,0
0.6960433,2.5903068,0
-4.736626,-3.1826632,0
5.5893073,3.0660806,0
-4.1348467,4.523336,0
-1.0334594,-8.178259,0
0.61904883,0.47842765,0
0.55757785,-6.6318893,0
-4.9433117,3.8097813,0
1.9092125,-4.254678,0
-0.1445223,-1.1101668,0
3.1492968,0.35344318,0
-6.410536,3.272619,0
3.5879557,4.862015,0
1.4877269,-0.22059159,0
5.787696,0.2102726,0
-5.415269,-4.5476832,0
5.135812,2.1366348,0
-4.7587395,-2.9250083,0
3.8363383,1.0656128,0
0.40195554,0.8710042,0
1.3063447,2.5098612,0
-8.161482,-0.23981845,0
0.24046242,-7.357496,0
3.8686986,-4.435686,0
6.0389457,4.563891,0
2.9705076,2.7659974,0
-0.4561671,-4.277144,0
-0.5194394,-0.7776514,0
-1.7709785,2.2911701,0
1.2439233,-6.091812,0
-3.888646,3.0733187,0
3.1808138,3.3562117,0
1.11402,0.99742085,0
3.3761234,-0.48660412,0
-2.9577956,-3.1864288,0
-0.14884417,5.2242074,0
1.1534005,-2.823124,0
4.43687,2.634981,0
-1.6816528,2.6308224,0
0.65597856,0.39363128,0
1.6457324,-0.2121717,0
0.20921509,0.9797306,0
-1.9498792,-0.99808484,0
-1.2941332,0.09933391,0
5.364503,3.0094676,0
0.4874462,1.9300811,0
3.170988,0.05991446,0
-3.5996342,1.4445821,0
-5.2365956,1.5908539,0
-0.652705,0.11084027,0
-0.7617957,2.7236931,0
-5.1131387,-1.7202306,0
-7.90167,-0.68626946,0
-5.738184,2.4913344,0
0.5449208,1.0899459,0
-0.65521616,-2.1980848,0
0.9989585,2.2850254,0
-2.204473,-2.2360387,0
-2.89514,2.7768583,0
-4.678681,1.2252475,0
1.7868859,-6.9579153,0
1.6290187,-8.248662,0
5.131721,-1.064619,0
-3.402173,2.2500765,0
-5.4606934,-1.2208749,0
7.094954,-3.4009411,0
5.587371,1.0807459,0
-0.22522989,5.424461,0
-6.1680026,0.000777712,0
0.9301844,-2.9519422,0
-3.3136926,-6.052955,0
-2.276529,-3.2504737,0
-5.5444217,1.4675484,0
-1.0101258,-2.8515203,0
1.8153832,1.2209607,0
1.3314519,-4.8340735,0
3.837009,1.0613962,0
-4.02868,0.8785706,0
-4.551431,-7.1699514,0
-0.7168429,-1.0564085,0
-4.334788,-3.398394,0
-4.2023616,-2.238248,0
-2.8898034,8.476312,0
2.661495,-1.6166811,0
1.3111663,-3.2129054,0
-2.5471368,5.6758933,0
-1.2784506,2.3467007,0
-3.744501,1.2012802,0
-1.2569731,0.07494979,0
-4.821246,-0.8282924,0
-3.783124,-1.4110359,0
1.4522456,-7.0357857,0
4.6442175,3.5682049,0
-5.8099174,2.5285215,0
-4.2153993,5.1409793,0
3.9107668,-5.4724565,0
5.8612943,1.0346197,0
1.5948772,1.3716797,0
-1.0456474,-0.24506587,0
3.1618595,-3.179401,0
2.7661655,-3.9796448,0
-2.3596804,-2.2961533,0
4.557704,-4.821061,0
0.2572147,8.392969,0
0.51802856,6.5505085,0
-0.8032973,-0.3678779,0
-1.0019931,5.488709,0
0.7655118,-0.4969415,0
-3.2490563,-0.038247462,0
1.351619,0.36033496,0
1.5352516,-1.6018178,0
-0.24139494,2.1237123,0
4.574189,-2.58503,0
-4.9557495,3.9171348,0
0.56216854,2.5772443,0
1.6314557,-3.5225484,0
5.9603086,4.7505527,0
5.640678,6.68546,0
-3.446113,3.458156,0
-2.233077,-5.5728154,0
0.31141952,-2.8729744,0
5.2664886,-2.4847088,0
3.1929355,-3.44546,0
-2.9309697,-0.78047514,0
0.6021217,-2.3607552,0
0.5107683,-0.57422984,0
1.5564836,-1.4768252,0
2.647409,5.9169917,0
-1.5902042,-0.5814838,0
0.5050807,-4.1730065,0
5.3416553,3.3863366,0
1.9740572,3.875268,0
-1.4979821,-1.7867986,0
7.689394,-0.22794041,0
1.2414631,2.6426558,0
2.0269344,-3.038141,0
5.4501834,2.8717294,0
1.5696394,-1.083071,0
-7.2516403,-1.5920731,0
-2.2462828,1.1592115,0
-2.337686,-4.7427096,0
1.4960959,-0.11258045,0
-0.70743436,-5.919556,0
0.07677699,2.8738365,0
-5.7657223,-1.8647515,0
-0.4888694,3.0382254,0
1.8620734,0.9583472,0
3.4182823,-1.4569623,0
1.9864339,-1.621503,0
-3.4491546,-3.009949,0
1.4186811,1.027438,0
2.9305525,5.7408085,0
-1.5800186,4.481239,0
3.3453305,-2.1227026,0
-4.8845916,0.15027176,0
-4.2310596,3.1317067,0
-3.6084023,0.6290594,0
2.4429152,-4.962269,0
4.26187,2.940103,0
-4.9279222,-1.7381389,0
-3.272176,2.189965,0
2.873609,4.7655363,0
2.7447736,4.4187937,0
0.269107,-4.7459216,0
4.8599663,0.17215714,0
2.1418648,-3.077742,0
-4.2316427,0.62179065,0
5.2132554,-4.585055,0
3.2675457,0.8466786,0
1.3465357,7.697307,0
1.7915069,1.0806996,0
-0.35648167,-3.2132308,0
-6.1038427,-1.7341902,0
1.775608,1.3155756,0
-3.9312491,1.6282324,0
1.1842204,-3.8880744,0
5.2588916,2.4740005,0
-2.137749,-2.1350963,0
-0.6482347,-4.5000367,0
-1.9870822,3.2248611,0
5.1143665,-4.5050893,0
5.364493,0.27144483,0
-1.5562159,-5.206057,0
-1.409869,-1.9850458,0
-1.571127,-7.8145185,0
0.4278645,0.47854686,0
1.9680583,-0.23874094,0
4.500832,-2.9453373,0
4.256695,2.2987096,0
6.56797,-4.6327505,0
-4.1867733,-1.9986455,0
1.6743104,3.1208758,0
-3.618341,7.5842347,0
-4.8987145,-0.97632575,0
6.3931565,2.9221902,0
-3.260999,6.952022,0
-4.521802,-1.4658433,0
4.1116915,-1.5194461,0
0.7043408,-0.20359385,0
-2.835971,4.143116,0
1.76625,-1.0494277,0
2.2537482,-2.5469763,0
0.19978815,-4.028422,0
0.071904175,-4.7116504,0
1.8709444,-4.4866467,0
-3.5412853,3.7084756,0
-0.5288208,7.0622635,0
2.039912,-1.3442388,0
5.887861,-2.1073408,0
-5.075537,-1.2055191,0
4.197849,-0.85896736,0
5.381565,-5.0835514,0
4.0104904,3.7247186,0
0.18180706,0.557288,0
4.482558,0.7077831,0
1.4418515,2.5351288,0
6.1110783,3.0809205,0
-3.45525,-3.0249536,0
-3.3105588,-3.8973632,0
3.424146,-7.3465495,0
6.3265467,-0.19269724,0
-2.2508469,-0.08643698,0
-2.2307284,2.726701,0
4.027806,0.58897674,0
4.055394,4.0301785,0
3.6470675,1.6208478,0
-1.7555357,-1.83935,0
-6.618408,-1.0839999,0
1.9341578,-4.00828,0
-4.3887343,-4.2400928,0
1.2146212,-5.006198,0
2.4617298,5.457912,0
0.32563436,3.0731292,0
-0.15645911,5.104617,0
-2.9212449,-3.6872506,0
2.9499776,0.20493312,0
-0.23226586,0.18627872,0
-1.4598452,8.084893,0
-1.8593677,-0.9443619,0
0.2954943,-1.0531521,0
2.7430727,5.35207,0
1.2888614,-1.6016151,0
3.201603,-0.12279801,0
1.813626,6.1321983,0
0.6022646,-4.233059,0
0.115762904,4.217155,0
-0.9270953,-1.4892615,0
5.122226,3.5056777,0
-0.91584086,4.90239,0
-0.14850034,0.9003896,0
-3.783281,-6.4558353,0
-0.55101115,3.8983507,0
-1.5773675,2.6171029,0
7.2277064,4.563723,0
-3.7736442,3.157395,0
6.212466,-0.25611103,0
6.9282227,0.48961338,0
-3.0574474,0.6046599,0
-1.0442393,-4.169058,0
-3.967768,0.689743,0
2.136855,0.8933424,0
1.1938256,0.19690108,0
-6.209857,-5.1717377,0
4.59231,-3.4961803,0
3.2394288,-2.4143996,0
2.6313481,-1.4096186,0
2.1765518,1.8796548,0
-1.0512903,3.758091,0
-2.8485847,-5.996695,0
-1.9559845,-0.72946787,0
-3.3476746,3.0187907,0
1.3407198,7.2794776,0
-2.210953,-0.20430584,0
0.4231535,0.5713772,0
-1.9458827,-1.1638252,0
-2.310686,2.6668844,0
-7.207769,3.6419234,0
-4.262154,-0.088098265,0
1.8936,0.52377605,0
4.067083,0.33142602,0
0.64490116,2.7053378,0
4.133093,-1.5522938,0
3.15761,2.1675236,0
4.5812054,0.5915526,0
-3.4919057,2.69519,0
-1.034078,4.9137483,0
-1.8216245,-7.505242,0
-6.22313,0.2227268,0
4.4464207,2.2014132,0
0.9787197,-6.5109825,0
2.2679152,0.9549441,0
-2.96716,-2.4827242,0
-1.1527095,-4.134351,0
-0.15062298,-6.91975,0
-1.6405151,-5.41496,0
-0.8738092,4.2855067,0
-3.9750924,-4.761881,0
-0.18962269,1.0442067,0
-3.6108863,1.7202866,0
1.2397827,-2.6203327,0
3.665618,5.7204714,0
-2.838581,-7.8652515,0
1.2235785,2.1182692,0
1.048435,5.8021564,0
1.3353534,-6.2519536,0
-0.19403054,-4.5611553,0
4.7530484,1.546763,0
1.2379229,0.50839543,0
6.501613,1.2687327,0
-2.3133154,-0.61793166,0
5.2480135,-6.1480246,0
-6.3584323,0.4672865,0
2.0918996,3.7908642,0
-6.1674514,-1.8725984,0
5.4029303,0.9286854,0
-2.4093726,7.0110455,0
-1.9973289,1.3876001,0
-8.503385,-0.7002234,0
-0.8539684,3.2768059,0
0.638751,-6.666486,0
-1.1884584,-4.437514,0
3.7467754,0.3017388,0
2.0069516,4.4304748,0
2.8139727,5.2193995,0
-2.640576,-0.97105306,0
0.38478178,-8.189393,0
-2.7561672,-4.6689925,0
3.990924,-0.19985604,0
-1.2336774,-0.6045938,0
-3.1011932,-0.46937442,0
-6.164489,-0.030276105,0
0.75689435,0.40583435,0
-3.3256478,-5.038236,0
1.1496469,-0.3901243,0
-8.702762,-1.7886231,0
1.6447983,-1.7363555,0
4.6314178,-1.2144809,0
-0.57596976,-2.5573733,0
-3.1036398,-2.0873585,0
-0.8148928,5.345251,0
2.43745,-1.06988,0
2.8526504,-1.3295522,0
-1.7214556,2.3233433,0
-3.0605783,-1.4542385,0
2.5363994,-2.2579615,0
4.320351,-3.1561131,0
1.1242683,-0.53591025,0
-2.312467,2.7955241,0
-1.5114162,0.87526214,0
-0.09097831,-7.89935,0
-5.314163,-0.7367013,0
-0.45090687,-1.9527112,0
-1.7166414,-3.0658245,0
-1.6498853,2.141156,0
-1.5364264,3.483291,0
-3.0393941,6.873885,0
1.5892506,-1.2982837,0
-0.91358155,5.866174,0
-3.0222368,-1.9440142,0
-2.757499,-3.428772,0
3.2714667,-0.20194384,0
1.9991617,-0.75815684,0
-0.29009476,-2.7528632,0
3.3281953,3.168387,0
1.1257828,-0.21847688,0
-2.561338,-2.2412658,0
-0.29360843,-2.7072086,0
-5.909127,-2.807293,0
-8.031749,1.7918386,0
-3.9058506,-3.8931656,0
-0.29563302,7.1319404,0
-5.246654,4.508487,0
3.0352678,-1.0951843,0
-1.896758,1.8760233,0
3.585623,7.742772,0
2.4154725,-3.5601947,0
3.264795,1.5639544,0
1.9903504,-3.2542636,0
3.3520663,-2.5454452,0
2.9708235,-5.28496,0
-8.661243,0.7172993,0
-4.315844,-4.6595707,0
3.9203508,4.2371287,0
-0.61896324,-2.7656157,0
3.528638,5.5550976,0
-1.25485,-2.840948,0
1.2468086,5.8548975,0
2.3258436,1.4725132,0
-0.49866548,-4.6521845,0
-6.471716,-2.448243,0
5.4135194,-1.9239782,0
-1.1574724,-1.6713389,0
1.8818691,-1.015353,0
4.070718,5.7809043,0
1.1080674,1.3296947,0
2.3732665,-1.7430601,0
1.7992431,3.742544,0
-3.378702,1.5002508,0
0.19109431,3.9474022,0
-2.1619463,-5.0004153,0
-3.4715743,0.21349882,0
1.8498442,-2.8037908,0
0.14088199,-1.4541879,0
-0.66352427,-0.025629424,0
-6.92553,1.2154466,0
1.2098079,4.973983,0
-3.2308736,1.7599779,0
1.4608197,0.8760148,0
0.69915485,-2.9075422,0
-0.5258899,-1.6872238,0
-1.0041882,0.12797736,0
-1.1621559,-1.5684586,0
5.626238,-6.965817,0
-2.2021728,1.5669264,0
-5.6130524,0.5598393,0
4.636805,3.215634,0
-1.0148348,-1.9844954,0
-3.0733469,2.6481664,0
-1.8301904,-4.7717223,0
-0.69572467,2.0855823,0
2.3773987,-3.8398826,0
-2.857069,3.7617052,0
1.4285613,-3.101622,0
2.5441983,2.699554,0
-5.105616,4.2845,0
2.1506605,-4.9535556,0
0.21665773,-2.8417373,0
2.2973628,-2.5553837,0
1.9980867,4.8544784,0
6.0465026,4.7602696,0
1.166534,4.3533783,0
-5.8073792,0.6667236,0
-1.2326471,0.1440266,0
-4.906461,-4.020832,0
1.8842425,-6.939034,0
-3.6990347,-1.2509329,0
5.1969213,-4.950649,0
0.80433184,-3.06258,0
0.8926532,4.929111,0
-0.718891,-1.9032009,0
-5.0335746,2.163968,0
-0.8138924,5.1432652,0
-2.3101263,5.6035566,0
-1.5180819,-6.509635,0
-0.5294152,1.6428187,0
0.06381534,5.376046,0
0.75241834,-0.45188802,0
3.882647,-2.639041,0
0.29716542,-2.923419,0
-0.11871829,-5.6253977,0
-0.96070427,-3.4202764,0
-0.2290831,-3.7600522,0
-1.707668,0.70610166,0
-6.0923843,-3.4639142,0
-0.92640346,0.99831927,0
-0.3775175,1.0725793,0
3.5822036,-2.5447154,0
1.2527637,-3.5464764,0
2.5980988,-4.717845,0
-4.875467,-7.0588837,0
1.3106517,-1.325735,0
1.1930982,1.0094895,0
2.3587055,-0.08030131,0
-3.2863233,1.8408296,0
3.1620305,-3.4882348,0
-2.15338,7.335663,0
-1.6450821,-1.3658793,0
-4.685354,2.7754111,0
-1.4218479,8.132128,0
3.5853457,0.81643677,0
-4.1527596,3.917834,0
-4.68898,5.139512,0
2.8025396,-2.0329268,0
-6.2421207,0.023375615,0
1.1705362,-4.650801,0
-1.8499819,1.5204182,0
-2.259759,-3.1695235,0
-5.1169653,3.6548214,0
0.62787884,4.3520017,0
-1.6067063,5.5263987,0
4.130602,-7.1237183,0
-0.11982375,0.06135693,0
-0.08607153,5.54516,0
4.1290073,4.58354,0
-2.1122718,-4.434063,0
0.8875527,1.5746558,0
2.360214,7.1631746,0
2.3531156,-0.48949057,0
5.9363647,1.6458076,0
-1.3077408,-4.7140026,0
3.8545702,-4.1038003,0
-2.3666437,1.7179172,0
4.253704,-3.818992,0
3.9005914,-2.482287,0
2.9907699,1.2164392,0
6.0868587,4.603931,0
-3.8427434,-5.3342085,0
-2.431864,6.0532513,0
3.562378,6.1176195,0
-5.109302,-0.5687552,0
3.0242763,1.6932957,0
-1.1476665,3.919205,0
-7.855534,-2.482679,0
3.9814029,-0.5347462,0
-2.7073054,2.5203266,0
5.4549384,5.4311275,0
-3.445543,0.8148986,0
3.89887,5.6443734,0
-0.60267895,-7.049423,0
1.0086966,0.5666805,0
-3.8372567,0.69155747,0
0.98454934,3.6563425,0
-0.12273557,-1.2172067,0
-3.6113234,-2.329861,0
-0.43446776,0.8764487,0
-7.1456757,-4.3959637,0
0.36678207,5.8646975,0
-2.3592384,2.5094242,0
-4.8832912,-4.273355,0
4.8852015,2.1760907,0
