TSNE_Dim_1,TSNE_Dim_2,Cluster_Label
-5.438649,21.075325,0
-23.669895,-3.1839683,1
-5.3361797,22.53484,0
21.924885,9.062331,2
8.347446,-23.868683,4
-3.9153388,21.942808,0
9.4194145,-22.51288,4
23.377127,8.957172,2
-5.198644,20.454363,0
6.3995113,-24.399754,4
10.075645,-23.703756,4
-1.1208036,-0.5147903,3
0.26916963,-3.9044576,3
19.90697,7.0489197,2
8.269273,-24.731482,4
23.614925,5.719352,2
-25.953861,-2.717289,1
-23.919432,-5.0922494,1
2.5195546,-1.1149131,3
7.1722317,-21.133862,4
22.892756,7.906592,2
8.003909,-23.745012,4
-24.195414,-3.136151,1
-26.213348,-3.750562,1
-2.7149858,-2.5359778,3
7.7177033,-24.385271,4
8.187424,-22.790462,4
8.313271,-23.19308,4
-0.22923999,-3.15294,3
-1.0424918,-1.6346575,3
2.7831633,-1.5826572,3
6.7115545,-22.552244,4
-25.39903,-3.0241847,1
22.19489,10.100156,2
21.892075,8.804021,2
9.227434,-21.561108,4
-5.667995,21.242924,0
-4.321422,20.740194,0
-8.066719,21.260662,0
-24.174055,-6.343569,1
5.740349,-22.80777,4
-1.8610289,-1.7181169,3
-6.319628,20.552002,0
-1.3771234,-1.5025856,3
8.763305,-24.149456,4
-24.150213,-4.8549037,1
23.105137,8.805703,2
-6.9106803,23.566875,0
20.32568,8.070176,2
-23.823761,-3.0914097,1
-23.418896,-2.5260358,1
23.054638,7.2352033,2
-25.232525,-2.736628,1
-1.9820768,-0.8088474,3
9.69075,-23.00416,4
-1.9681641,-3.1164634,3
-5.4845753,20.949713,0
-23.76688,-3.3907373,1
-5.248644,19.342358,0
5.4478855,-24.051722,4
-23.565182,-3.3683786,1
-6.5730133,21.502514,0
7.498566,-23.787735,4
0.37411153,-2.068323,3
21.790358,7.258274,2
-24.3472,-2.811964,1
8.924276,-24.223257,4
7.2022305,-23.575485,4
22.730867,8.464248,2
1.7271721,-3.4502003,3
-23.197716,-3.8959985,1
7.9586797,-22.721947,4
0.9680098,0.5533259,3
23.787788,6.6350784,2
9.649547,-22.750755,4
-24.26515,-4.1098266,1
-24.760548,-2.544784,1
8.039264,-23.277973,4
-26.040192,-5.1888776,1
20.241795,7.5209365,2
6.2187395,-25.4293,4
7.6237545,-23.340965,4
-25.26015,-6.227157,1
-25.864195,-3.0170207,1
22.254416,5.8624415,2
21.968681,7.6015043,2
23.466963,9.093311,2
1.2970874,-1.8061281,3
-24.36371,-5.7200303,1
0.43118665,-3.0553155,3
-23.928375,-1.6156166,1
21.716753,9.073311,2
-25.480165,-3.375379,1
8.769317,-23.14866,4
-3.6885593,23.284992,0
21.765675,6.5284376,2
22.4147,7.329523,2
0.6445743,-2.7826145,3
-4.293733,24.462301,0
7.4258933,-21.193296,4
8.328672,-25.322803,4
-6.440137,21.467741,0
-0.17780256,-0.99948674,3
-23.86975,-3.2238219,1
-4.702487,19.718208,0
9.000689,-23.64581,4
-1.3257055,-3.1620631,3
20.34317,7.617319,2
-5.224384,23.36911,0
-7.12997,20.772083,0
-5.9658256,22.344315,0
-5.350464,24.113846,0
22.606949,5.6132116,2
-25.905455,-4.0733604,1
-5.4677114,21.1799,0
-24.966387,-4.911641,1
19.717718,9.1155405,2
-0.2428817,-2.2654595,3
5.9718876,-23.393057,4
7.1185274,-23.556896,4
9.626817,-23.082632,4
-5.860567,23.427,0
6.159718,-22.610893,4
-4.2585964,22.054634,0
1.2541115,-0.6805433,3
7.508052,-24.471298,4
0.505934,-3.3371136,3
7.62732,-22.365118,4
8.653861,-25.063494,4
21.873684,9.402797,2
-23.305273,-1.232438,1
-7.9963126,22.543785,0
-25.088514,-3.349578,1
2.1120133,-2.7434773,3
-21.781193,-4.272514,1
-6.6217003,23.834005,0
6.3653874,-22.940046,4
0.44688,-3.7735388,3
0.31439576,-0.40472072,3
23.531113,8.140829,2
8.313364,-24.868198,4
-0.20457594,-1.9528432,3
-26.01433,-2.6919928,1
0.11498442,-2.7051048,3
-8.068917,22.336945,0
20.767872,5.9481726,2
-5.8549395,22.117695,0
-23.977652,-2.1515205,1
22.362576,8.480693,2
2.1138086,-2.6564274,3
20.718695,7.5420084,2
1.9005501,-0.190903,3
0.7868461,-1.4809499,3
-23.524836,-3.5383337,1
2.1743543,-0.91306335,3
-25.131376,-4.297624,1
7.912812,-21.82154,4
7.044247,-26.160786,4
-5.0248866,24.174994,0
-5.333186,22.60136,0
-24.933655,-3.1831732,1
-7.5976152,20.508816,0
-26.367764,-5.2483344,1
20.559973,6.2310596,2
-0.3728537,-0.52805483,3
7.9351354,-25.467615,4
-25.422487,-4.105106,1
-24.234379,-2.7989361,1
-23.419056,-3.5485597,1
-3.9436982,23.81528,0
0.19675368,-0.8705959,3
-22.663708,-4.4233212,1
22.209452,9.213778,2
0.46685946,-1.633405,3
9.081848,-22.652626,4
22.064945,6.9101715,2
22.086905,6.8680964,2
7.8283024,-24.139116,4
-1.3694588,-0.3165622,3
-23.890076,-2.9187593,1
-25.189615,-2.7206082,1
-24.972998,-5.8106394,1
21.064558,9.6463375,2
-25.944565,-4.2927547,1
-0.70949244,-2.8580682,3
-24.476936,-5.5141845,1
-26.180542,-4.4191484,1
21.163843,7.365902,2
1.887907,-3.5330822,3
-0.21094921,-2.275384,3
-6.863137,21.264315,0
-24.523195,-4.8367395,1
-3.6239653,23.501743,0
-1.1828173,-2.2581248,3
-5.6234713,21.982983,0
-5.10413,23.38252,0
19.372492,8.404876,2
21.421083,9.24227,2
21.06126,7.409795,2
0.86410934,-2.7757235,3
21.155586,7.680175,2
22.174828,8.229045,2
-5.794459,21.907757,0
7.5547028,-23.732073,4
20.4617,8.22488,2
-25.00627,-3.1731644,1
-6.020339,22.50765,0
-0.22547115,0.026555024,3
8.633248,-23.092932,4
7.2116795,-26.065922,4
6.7505393,-25.345064,4
24.060505,7.838093,2
9.204649,-22.670996,4
5.8774076,-25.039545,4
21.57991,8.965345,2
22.394293,7.1641665,2
20.371712,8.070568,2
8.200878,-22.317675,4
-5.9955463,22.085293,0
-5.3637877,21.040533,0
-1.6497926,-0.35384062,3
22.261211,8.717297,2
-5.58355,20.469193,0
22.981823,7.089777,2
20.287329,9.647263,2
5.645962,-23.612295,4
0.9571327,-2.9091747,3
-6.6628184,22.184458,0
-24.906649,-3.5480964,1
-23.889593,-3.7211058,1
7.855478,-23.384645,4
-1.7827026,-1.0057544,3
-5.1770644,20.66642,0
-8.044992,21.795462,0
-25.464546,-3.2815716,1
-5.943813,22.663357,0
-0.4087744,-3.0995378,3
-0.1737703,-1.8480568,3
0.5275713,-3.0872796,3
20.452732,5.874131,2
24.10508,8.523913,2
7.028923,-25.420607,4
-25.432451,-5.9769955,1
1.1110265,-2.3909504,3
-5.9578032,23.310095,0
6.0173416,-24.280802,4
-7.2366605,21.357538,0
8.052475,-22.439367,4
-23.88395,-3.6621642,1
22.605423,8.764883,2
2.0057154,-0.87512594,3
20.854252,7.334223,2
-0.93880236,-3.4764743,3
-24.222162,-3.003223,1
-25.057041,-5.0561204,1
-22.094597,-5.2465444,1
-24.986797,-5.3300776,1
-25.635553,-3.8835683,1
-5.3147945,22.448406,0
20.894354,9.927544,2
22.065145,6.8072586,2
-6.836569,22.141024,0
7.8509874,-24.139498,4
9.885969,-22.134645,4
-5.339059,20.3749,0
-5.2247252,24.226793,0
22.017208,7.4290743,2
-1.9113758,-0.29044652,3
-1.5980886,-4.009155,3
10.06718,-22.493229,4
-24.468582,-3.9110987,1
-25.341885,-3.6190507,1
19.876753,8.908278,2
-21.995716,-3.7145646,1
22.126085,5.7841825,2
22.365751,9.92088,2
21.574026,6.6537027,2
20.38385,7.7352934,2
-25.007553,-4.862504,1
-0.980433,-3.072332,3
-6.2903476,23.08419,0
7.419857,-23.045832,4
-24.851513,-4.987211,1
21.267818,5.9910965,2
-6.5746207,23.107075,0
20.674465,8.004949,2
-26.110302,-4.4352794,1
-4.4924846,19.71134,0
8.654235,-21.440306,4
8.023151,-22.2603,4
7.736685,-22.69941,4
8.144623,-22.483263,4
-0.5487412,-1.0873927,3
-25.534586,-2.9020793,1
-23.0731,-2.233285,1
-3.6172974,22.606153,0
0.6715207,-4.000634,3
23.170286,9.541101,2
-7.1516814,20.995283,0
-6.8595963,21.990519,0
6.948804,-22.521202,4
-24.815573,-3.9218607,1
-23.38385,-4.369356,1
21.750217,8.063755,2
9.605047,-23.69215,4
22.068964,9.972586,2
-4.461473,23.614988,0
-0.22651932,-3.4243698,3
21.193653,8.0629835,2
8.182915,-24.057499,4
8.82667,-23.159456,4
1.1132433,-0.93850124,3
-24.42144,-5.5699153,1
-1.4071946,-2.545308,3
-7.3856635,21.99752,0
10.131729,-24.107794,4
21.93992,9.376116,2
-24.018818,-6.4047556,1
-22.464296,-3.3535056,1
21.014738,5.8960047,2
-1.3015112,-2.8841896,3
7.5757537,-22.448242,4
-22.365444,-4.1614013,1
-4.586753,21.963331,0
-6.271855,24.248135,0
-4.537298,23.939407,0
-0.096363656,-2.9407668,3
-23.89771,-2.9055526,1
8.216945,-23.877415,4
-0.028712917,-1.4594234,3
21.421684,8.920535,2
1.8120507,-2.4744685,3
7.192861,-25.008173,4
1.8546447,-4.023146,3
-5.423765,20.203884,0
9.222547,-24.835487,4
-0.75052744,-0.06197572,3
-6.579971,21.86927,0
-5.80412,24.200033,0
21.271711,9.175649,2
-1.3957055,-1.7409168,3
-3.5315967,23.05387,0
-0.15771832,-2.3095863,3
-5.3504343,20.071054,0
8.098026,-24.542757,4
-7.0330944,23.63357,0
-5.2489805,22.986279,0
7.1744666,-22.052803,4
1.5944858,-1.68136,3
8.007765,-25.798794,4
-6.412762,23.75763,0
1.5022377,-1.1345048,3
-24.82206,-2.7312331,1
-3.9842157,22.53448,0
6.0170283,-23.6519,4
9.333271,-24.304861,4
2.2071147,-2.5306263,3
-1.1913265,-0.98989266,3
20.720297,6.3661222,2
-0.9758443,0.095380425,3
-6.1193423,22.105028,0
20.526731,10.024885,2
-22.500256,-3.9874446,1
22.141266,7.894132,2
21.82759,8.304327,2
1.0682123,0.31967252,3
0.4361258,-1.8920252,3
-6.424363,23.357874,0
-4.4416842,22.611612,0
5.839489,-25.277386,4
1.1965585,-2.8219771,3
-1.0942936,-1.4346377,3
-6.3119845,22.511618,0
21.960836,5.2909894,2
-26.586836,-5.5413094,1
-24.343216,-2.6727264,1
7.6789665,-22.886305,4
-7.151075,22.872692,0
21.13046,7.0896006,2
-1.2444286,-0.5270194,3
23.560732,9.787968,2
1.6495441,-2.917444,3
-24.352125,-5.074421,1
-5.7111135,22.352497,0
-4.414081,22.34784,0
-26.269163,-3.5065646,1
19.745008,6.8702817,2
22.214018,6.7667856,2
0.54473305,-1.3085518,3
-27.03856,-3.702884,1
1.9600285,-2.8960602,3
-6.214971,21.838253,0
21.656412,6.8095703,2
-1.4040788,-1.8556272,3
22.8625,6.554863,2
21.10359,7.5179605,2
-6.185122,21.809546,0
-1.1633555,-2.7189598,3
-24.570454,-5.435312,1
0.26959875,0.0018554231,3
-0.6155252,-2.1467946,3
0.42327625,0.5247051,3
-7.221681,22.373068,0
-5.3265643,23.58388,0
-4.9033427,22.649853,0
21.874352,8.132264,2
-0.6095982,-2.3923144,3
7.454251,-21.708866,4
-24.577406,-2.530609,1
-4.193477,22.229359,0
-4.85694,22.369404,0
-4.0375223,22.68004,0
-1.6725677,-3.6628945,3
7.4851413,-22.352076,4
20.560247,7.0229263,2
-22.515045,-3.3390594,1
-0.13654637,-4.1745763,3
20.86673,7.5246778,2
-6.0913997,22.430813,0
8.806255,-24.304018,4
9.285835,-24.369215,4
-25.241247,-5.2426505,1
-0.31134826,-2.9935298,3
-4.3032246,23.861803,0
-4.5741687,20.748165,0
20.07579,9.208678,2
23.366955,6.40686,2
21.17668,7.7755256,2
0.517885,-1.6219256,3
10.328089,-24.034933,4
-26.00064,-2.700359,1
-25.591236,-4.7503304,1
-3.985541,23.54733,0
19.984417,8.369797,2
-22.005375,-3.4870036,1
21.205498,7.9581213,2
8.877648,-26.061077,4
-1.3950914,-1.0411003,3
7.0409083,-25.076355,4
7.601142,-25.307941,4
2.2344832,-1.7153789,3
-25.309732,-2.6093843,1
-4.7624927,19.963366,0
-23.773321,-4.2998505,1
-6.218645,22.149042,0
-24.380642,-2.9237227,1
0.19064572,-1.9680368,3
-25.799576,-5.392469,1
-24.596912,-4.0906577,1
-0.9508667,-0.50104475,3
-5.7430735,21.910673,0
-5.1609573,21.665485,0
-22.108877,-2.196693,1
-4.137682,21.105892,0
-1.8221843,-3.2804108,3
-24.548695,-5.1360664,1
-4.8445396,21.100025,0
8.660964,-22.390554,4
5.6333017,-24.089962,4
-2.047883,-0.67713135,3
-3.1520822,21.806955,0
23.007122,8.899797,2
-4.617103,21.609266,0
0.8173322,-2.3890855,3
21.501175,5.780032,2
-22.9844,-3.7149076,1
2.4490793,-2.9196231,3
-23.218863,-3.0403216,1
7.093396,-24.369751,4
0.6669894,-1.0712324,3
-24.343689,-3.5709941,1
7.181559,-23.109535,4
10.340729,-23.392305,4
0.7544342,-2.0916262,3
20.68046,9.171774,2
-4.155275,23.283195,0
-0.59860915,-1.4684662,3
-5.8813496,23.319365,0
-22.996168,-3.8155267,1
-0.6036849,-2.3418806,3
1.3031888,-1.0216585,3
20.963081,10.499187,2
21.308266,7.57049,2
-3.8383324,23.807554,0
0.34507516,0.37832698,3
1.6478255,-1.7734958,3
19.720875,7.0617394,2
-23.671675,-5.3450184,1
-25.541084,-2.2290452,1
21.767565,8.647517,2
9.3016205,-21.425238,4
21.163176,9.1991415,2
21.567146,7.6951227,2
22.163153,7.878965,2
-0.5126923,-4.2985945,3
19.768147,9.239908,2
1.3436116,-1.8888717,3
21.130096,7.374884,2
23.09411,9.69156,2
22.249802,7.035597,2
8.357244,-23.685783,4
-7.4494133,23.248169,0
-4.45982,22.256794,0
0.4271254,-3.732663,3
8.268478,-24.824614,4
22.890081,9.453379,2
20.454613,7.9332094,2
-25.585766,-2.8421452,1
-24.484758,-3.5918148,1
-25.539005,-5.1180263,1
-26.879261,-4.2007065,1
-4.4747267,23.966583,0
-0.09661252,-0.7163997,3
-25.693045,-2.18125,1
9.569591,-24.068764,4
10.279702,-22.978283,4
-0.6647943,-2.0813437,3
7.2505984,-23.113338,4
8.068687,-26.044226,4
-4.869494,23.7092,0
-1.2926443,-1.4112308,3
23.332937,8.41869,2
-5.1997914,23.8139,0
9.473795,-24.68746,4
8.972116,-23.722994,4
-2.323794,-2.0196786,3
-23.399147,-3.19198,1
-6.6976857,22.479355,0
0.3449408,-1.4389248,3
21.843952,7.944614,2
0.5943232,-0.024007887,3
1.4997102,-1.0324181,3
-22.949009,-5.0475016,1
23.084301,8.363691,2
-25.109264,-1.8001751,1
-7.9964747,23.174854,0
-25.289867,-5.110524,1
-6.586822,20.594997,0
-25.005598,-5.0353923,1
23.900942,6.7100763,2
-22.68595,-5.7061124,1
-0.4332388,-2.7097034,3
9.698762,-25.30638,4
7.7400827,-22.72737,4
8.428198,-24.899977,4
22.27446,9.055902,2
-23.619936,-4.128286,1
-22.806557,-4.1372056,1
9.445832,-22.399025,4
-0.47815233,-1.4101633,3
21.897072,8.335719,2
-6.736662,24.28186,0
-24.286217,-4.4115725,1
-3.699245,22.234146,0
-5.2721987,20.65624,0
9.662428,-23.70714,4
-22.141909,-2.502486,1
1.2286764,-3.3766966,3
-4.8096642,22.86516,0
-7.3185115,21.957743,0
-0.44848073,-2.2468612,3
-3.8763695,22.48853,0
-0.6805913,-1.6829473,3
-24.499544,-3.4933429,1
-6.058922,20.097294,0
-24.339108,-3.7804928,1
20.245714,8.19907,2
-7.35227,22.815256,0
-3.987027,23.94949,0
-4.745957,22.000591,0
-25.261044,-3.376327,1
-5.0345964,24.066551,0
6.8194733,-22.107357,4
7.2183647,-23.361547,4
-6.1202683,20.698418,0
22.326363,8.230483,2
-25.330517,-3.5661652,1
10.188658,-23.568798,4
-0.3908473,-2.839579,3
-0.20410044,-2.470104,3
21.895033,9.582196,2
-0.06716363,-0.27812874,3
21.001944,6.394947,2
-24.430674,-3.0595434,1
-23.12327,-6.04557,1
0.1966108,-2.205323,3
7.528596,-23.236956,4
-3.8922179,22.735178,0
0.8916547,-2.8068156,3
1.4860266,-0.44834322,3
7.0931683,-25.915031,4
22.672306,7.4481587,2
-23.520578,-1.4743044,1
-6.4591966,21.729053,0
22.87931,9.712165,2
-8.577781,21.774097,0
-3.7021616,22.592813,0
-5.9244604,21.260632,0
0.5828802,-2.3930717,3
-3.5918014,23.757256,0
-26.15213,-2.7651238,1
21.631414,5.8628306,2
6.5675406,-24.36634,4
22.269289,9.686908,2
22.779787,5.444792,2
-7.4102883,21.339508,0
-26.018353,-4.849262,1
-5.9395194,21.608007,0
-22.54696,-3.479983,1
-23.826483,-2.507728,1
22.709904,8.789865,2
-24.279924,-3.679896,1
19.75989,7.527324,2
22.355005,7.515813,2
-3.529925,23.833689,0
0.12676714,-0.42657205,3
0.40487587,-3.3659604,3
-6.077268,22.435202,0
8.320944,-22.82504,4
20.115017,7.447071,2
9.782498,-24.437208,4
8.7801895,-23.737698,4
20.652632,8.774536,2
0.8849137,-1.4637656,3
6.471252,-24.226213,4
21.318716,9.38595,2
-5.0183263,22.299793,0
-0.9924245,-1.7178893,3
0.65496695,-0.043281,3
-3.981753,22.64342,0
9.024643,-23.802874,4
-0.9408767,-1.1671813,3
-4.6328115,22.342722,0
-5.966556,20.364891,0
-24.777813,-5.4776382,1
0.20376231,-0.97176397,3
6.1339073,-25.577597,4
1.1595237,-1.917585,3
-22.387638,-5.569866,1
22.717304,9.726285,2
-0.077884994,-2.6288931,3
6.6010656,-23.528704,4
5.526394,-22.000546,4
-0.49894536,-2.9404025,3
-0.40629098,-1.8483062,3
21.47576,8.513302,2
-22.761251,-3.7783487,1
-5.214813,21.991095,0
20.855871,9.19594,2
-4.725739,21.33296,0
-5.784818,21.449394,0
-6.1480536,20.799395,0
-1.5406996,-1.456537,3
6.347253,-24.147253,4
-1.0985858,-2.528929,3
-5.3239927,22.009375,0
19.848381,6.1624513,2
21.661568,9.636891,2
21.759752,7.150003,2
-23.641233,-1.557712,1
21.731403,8.889244,2
24.043114,9.125338,2
-25.272543,-4.1243753,1
-5.9513454,19.73231,0
1.2363052,-1.3117592,3
1.0492634,0.32698685,3
-0.8684917,-0.28926677,3
8.940291,-21.736076,4
-4.4555936,22.683683,0
-6.8216524,21.01962,0
7.421103,-23.276413,4
-4.1012526,22.022148,0
-24.180109,-4.398731,1
-22.939112,-2.9809585,1
7.6485014,-24.836813,4
23.370476,8.3350935,2
-3.7550862,22.61317,0
-0.20642088,-0.81786984,3
-24.374016,-5.2247305,1
9.691321,-21.947783,4
-1.6216543,-1.1577586,3
7.432772,-25.188269,4
-0.17394157,-2.5354016,3
-7.061753,21.67449,0
7.031896,-23.899494,4
22.100876,8.376269,2
0.5495963,-4.66312,3
-23.356464,-4.7020245,1
-24.123367,-2.990354,1
-6.1169887,22.413958,0
22.437902,7.362813,2
-5.229222,20.157976,0
-5.61843,23.767504,0
0.7653277,-4.3232026,3
1.3015398,-4.316337,3
-3.6581388,22.450335,0
6.1691356,-22.562702,4
-26.1097,-4.348936,1
21.00113,6.14674,2
-25.168913,-3.7198853,1
-3.70157,24.066479,0
-3.3766778,22.948162,0
-0.74350667,-2.1482053,3
-1.8867879,-1.0979561,3
9.037317,-22.266642,4
21.246508,9.4679785,2
21.09035,5.6457767,2
-0.657512,-1.8494059,3
1.6346327,-1.3798231,3
1.1487215,-2.5164297,3
-5.5230107,21.446854,0
-23.730852,-4.587482,1
-24.337849,-1.6562778,1
-6.3305507,20.021564,0
-6.82466,22.50179,0
-2.016522,-2.0568693,3
-7.260041,23.422276,0
-0.42630726,-1.8005027,3
-0.9850296,-0.7644128,3
0.3604396,-1.377026,3
-5.398111,23.06391,0
-24.185966,-2.4832728,1
-23.956858,-4.811902,1
-23.572672,-3.5786147,1
-4.1824822,20.572304,0
19.105404,8.927974,2
-6.995246,22.069555,0
20.949242,7.445953,2
-1.2799243,-2.1543243,3
21.851765,9.058733,2
-27.16631,-3.9735334,1
-23.21196,-6.5759244,1
6.378779,-24.311436,4
-25.945242,-1.9453548,1
-1.3057117,-2.3302832,3
-6.577222,23.180458,0
-6.9046283,23.04828,0
-6.2155085,20.771328,0
-22.996258,-4.779578,1
-0.40541095,-1.0619009,3
1.8808975,-3.627413,3
-25.58647,-4.415901,1
-5.5501404,19.44326,0
-2.0900145,-3.379828,3
18.90267,8.161962,2
-22.453712,-2.2412758,1
-1.2888021,-1.6595572,3
-7.054037,22.297993,0
21.731558,8.27601,2
8.558291,-23.837673,4
21.812712,9.886939,2
20.63508,5.3454022,2
7.2763577,-24.014145,4
-6.2336483,24.028755,0
-25.381413,-3.2145047,1
-5.647019,20.900461,0
9.5293865,-22.978893,4
1.937389,-1.4559038,3
21.611357,8.382097,2
0.552013,-1.1190386,3
-0.7945724,-3.5318344,3
-23.46242,-4.9628596,1
20.469522,10.173501,2
0.23875998,-2.9232295,3
-6.2208037,22.723507,0
0.5555142,-2.2269495,3
-6.223832,22.776062,0
-5.377857,20.34262,0
20.55087,9.145293,2
22.43385,7.405346,2
-0.21432996,-1.7302209,3
-26.092997,-5.585025,1
7.369435,-23.183807,4
20.508327,6.49078,2
1.1652477,-1.9989806,3
-24.095161,-4.471101,1
2.4364738,-1.9001957,3
-24.307438,-5.7778077,1
-26.155716,-4.7250524,1
-5.001504,20.363304,0
-4.3987217,21.773062,0
22.516405,7.040836,2
21.76408,7.874877,2
-1.0014182,-1.3953441,3
22.737291,8.126546,2
0.66966337,-0.40407255,3
8.503924,-24.560066,4
-1.3706378,-2.6868293,3
9.083491,-25.431078,4
-0.90485257,-0.76308256,3
22.449327,7.6605077,2
-1.22368,-1.1745054,3
21.457273,7.465611,2
-23.225853,-4.8977757,1
-25.136646,-4.488044,1
6.3820596,-22.712063,4
22.024231,5.7458763,2
-2.20936,-0.8061641,3
7.61607,-24.357864,4
-24.588367,-5.9111814,1
8.415923,-22.953588,4
1.6080586,-4.101746,3
7.3208323,-23.959627,4
-22.82536,-5.4575915,1
7.792362,-25.697691,4
-4.946623,20.7782,0
0.13339141,-1.2094254,3
7.7254257,-23.492514,4
-6.030068,24.147598,0
22.920252,7.843582,2
-2.6260843,-1.9772273,3
6.8926716,-24.873104,4
22.353294,8.312947,2
20.405365,8.878721,2
-4.4944563,21.693607,0
21.546452,7.145044,2
-1.0330778,-4.336493,3
22.063295,8.913888,2
-25.344608,-2.2487354,1
-3.9725528,22.523083,0
-5.7123184,21.76223,0
-22.343727,-3.8688939,1
20.76979,9.506005,2
-5.6637626,21.468506,0
9.298724,-25.172558,4
-7.1973333,22.218157,0
21.005432,7.3567867,2
5.7915177,-24.554483,4
8.659494,-21.41002,4
-6.029325,22.455826,0
7.832671,-24.442736,4
0.3315708,-1.1278586,3
-6.0641236,22.380335,0
21.712036,7.0048413,2
-6.1997385,21.294527,0
1.8493,-2.5359032,3
22.878767,7.682225,2
23.12361,7.5328274,2
21.919603,8.993965,2
-6.441249,21.22533,0
0.9658761,-4.4625196,3
19.760458,7.410373,2
-7.2108545,21.803709,0
-25.559572,-1.2657468,1
21.594679,8.596324,2
22.556223,7.6118636,2
-25.046694,-3.2282102,1
-24.97903,-3.446606,1
23.082958,8.44798,2
22.690392,9.830553,2
-23.56309,-5.464647,1
-0.14485082,-1.7908325,3
8.764297,-23.926498,4
8.41516,-22.615147,4
-8.061379,22.336044,0
21.563484,6.0369663,2
8.996914,-22.697266,4
7.848802,-23.979761,4
20.901333,6.6947885,2
-5.3271546,22.036175,0
6.2050405,-25.863434,4
1.5736877,-2.3800485,3
-25.588041,-4.8973775,1
9.547941,-24.01463,4
0.44057053,-0.8393672,3
0.5208856,-1.6700133,3
-23.634262,-4.3394246,1
-7.944912,23.392433,0
-5.4349484,20.794603,0
-4.8936887,22.872574,0
1.8454615,-1.5868349,3
-23.387323,-3.8549628,1
-6.6775703,22.41178,0
-6.742758,22.945133,0
0.38615215,-1.5574796,3
-22.85253,-4.610501,1
-0.20530555,-2.587046,3
-0.25548482,-2.8063524,3
7.792482,-24.142033,4
-6.697128,24.467,0
6.4893713,-24.425375,4
-26.472185,-5.4127665,1
9.027704,-24.321539,4
-25.939508,-3.7906756,1
-7.0948653,21.866825,0
6.9485297,-23.836063,4
6.264269,-24.393133,4
-25.150162,-5.86903,1
9.620067,-25.53533,4
2.11491,-2.4571793,3
-6.1622376,20.525288,0
-7.3130827,20.41111,0
19.7788,7.441787,2
-0.7897017,-1.61465,3
-23.667545,-2.5442097,1
-24.08341,-1.6486366,1
-5.6975,23.362494,0
-5.2575016,20.934738,0
-6.2463713,20.361551,0
-4.779589,22.279692,0
21.332056,6.9951215,2
-2.3914216,-1.6708016,3
-25.071138,-4.2876906,1
8.539377,-23.142504,4
22.216568,10.004124,2
-2.2680259,-1.3352497,3
21.37023,5.787327,2
-0.14857642,-3.120434,3
7.815299,-23.629265,4
-24.204548,-4.6643233,1
5.8286157,-24.309679,4
23.163109,8.75961,2
-6.9448867,20.330582,0
23.129498,7.1719613,2
7.220978,-24.981092,4
20.052542,6.165294,2
-23.437649,-4.2233176,1
8.310691,-26.398642,4
6.2606854,-22.735826,4
22.141981,8.699732,2
8.519464,-25.046415,4
-3.8484051,21.397848,0
-3.8575187,22.049585,0
-21.921356,-3.7193542,1
-6.319749,22.824614,0
21.378025,9.760704,2
-5.2729664,19.657982,0
8.804023,-24.470854,4
0.16701874,-3.6013293,3
-7.1970787,23.664125,0
-23.568851,-4.383654,1
-4.871255,20.785534,0
20.93023,6.7699513,2
1.4721377,-2.5832794,3
19.758116,7.3663735,2
-26.56907,-2.8767595,1
21.209963,7.7929373,2
-8.032132,21.863152,0
8.199307,-22.05492,4
-1.2176852,-3.4605935,3
-23.91546,-3.9466603,1
0.8840989,-3.1398807,3
-24.565948,-3.877928,1
2.5032434,-1.5216484,3
-3.7014005,21.936104,0
-25.774075,-5.003873,1
1.1514347,-4.0199547,3
22.338766,8.019072,2
-23.130316,-3.1972964,1
-1.2601845,-3.2580707,3
-24.453045,-4.610495,1
-3.2966518,22.795603,0
9.1165695,-23.153145,4
6.443431,-23.926966,4
-24.708847,-3.896975,1
-4.1779675,22.349588,0
-7.2372184,22.080181,0
0.3267515,-1.3728895,3
22.283768,6.805921,2
-25.649632,-1.9467444,1
-23.349306,-5.8881216,1
0.94337076,-2.1917922,3
21.84085,6.5095043,2
-5.4791303,20.861748,0
20.9524,7.450289,2
-5.558529,21.082201,0
23.035843,7.1003485,2
7.9568086,-23.392729,4
1.1453599,-1.1220729,3
-24.550655,-4.3454943,1
-0.776017,-1.882142,3
-0.528006,-2.7827885,3
23.6564,8.116916,2
-5.0469513,22.150496,0
19.616793,8.110671,2
0.39668587,-3.3400185,3
-7.183629,23.13533,0
0.26387158,-4.0005136,3
5.855777,-22.765568,4
6.971438,-22.129303,4
-6.0618773,22.45132,0
8.107048,-24.004827,4
22.246922,6.463517,2
9.407432,-22.278103,4
1.2496985,-3.6510596,3
0.78038716,0.18553346,3
20.198895,8.705009,2
-25.006731,-3.8472707,1
21.46772,8.617313,2
-26.871027,-4.380841,1
-25.775595,-3.6965165,1
-1.2928758,-1.5736572,3
23.03169,8.070135,2
-7.0212607,21.640432,0
7.18979,-24.126852,4
20.22763,8.30478,2
8.293652,-23.32499,4
19.92896,9.14314,2
1.3021138,-2.4317443,3
8.47001,-23.93739,4
-6.190333,21.042614,0
6.0855155,-23.766842,4
9.515502,-24.771334,4
-6.3964167,22.829231,0
-23.047995,-3.3928273,1
8.327778,-21.982119,4
2.2507427,-1.3732945,3
24.431696,7.4094744,2
0.9216378,-2.977266,3
-6.110011,21.08741,0
8.464621,-21.768206,4
-0.77428895,-2.962343,3
-5.025754,23.908672,0
-25.724913,-2.2202258,1
20.326649,7.4242644,2
7.7350645,-22.49838,4
0.72416514,-0.27915666,3
-6.422711,23.088625,0
-0.80581003,-1.0950823,3
22.235012,8.723387,2
23.687855,8.504953,2
-24.27164,-4.0344505,1
-26.610437,-3.3055212,1
23.032963,7.3431497,2
22.43665,8.497908,2
1.7073975,-1.4116338,3
8.129222,-22.787361,4
-25.09556,-3.859556,1
7.440814,-24.766512,4
7.9486303,-23.22701,4
7.094624,-23.33655,4
-24.260775,-5.8895736,1
-0.19680275,-2.983964,3
-5.263481,20.42507,0
-25.565767,-2.3233814,1
20.07886,8.02684,2
23.235565,7.087171,2
22.768726,8.76795,2
-22.001358,-2.9491487,1
7.387659,-22.598423,4
-3.4149826,21.815973,0
6.2980385,-21.391884,4
-24.472437,-4.480942,1
0.520386,-2.583546,3
-26.940329,-4.0314436,1
8.660086,-25.855343,4
-1.0115862,-0.2892474,3
-0.8403261,-2.0509145,3
22.019514,7.1746297,2
-1.0887746,-1.8235041,3
0.6545572,-1.734687,3
7.1307898,-25.245642,4
7.9827003,-22.842321,4
1.5195111,-0.022854107,3
8.593858,-21.879215,4
-24.194021,-4.831093,1
20.640352,6.900573,2
-4.866534,23.236912,0
-22.310772,-2.8363314,1
-5.227864,21.115269,0
7.655402,-24.777678,4
7.243441,-25.363415,4
6.2446613,-23.188986,4
-7.9335546,23.410778,0
20.583147,10.267648,2
-24.322441,-3.2836196,1
-25.216593,-1.8228964,1
21.87103,8.291204,2
-5.47008,24.308115,0
1.3048195,-4.126008,3
-23.287624,-3.7539492,1
8.320525,-22.164015,4
-1.2826838,-3.5166168,3
-6.909239,21.167158,0
-24.236015,-1.5277145,1
20.370388,10.172154,2
-6.4375157,21.525517,0
23.030214,9.894312,2
-24.387403,-3.434497,1
21.722336,7.7558093,2
6.319115,-21.731335,4
20.45959,7.9025035,2
21.515638,7.333456,2
9.088956,-23.577778,4
7.7465205,-22.652412,4
-3.9740143,23.335545,0
21.349504,7.0674715,2
-1.8063289,-2.139621,3
-0.9966861,-2.3806236,3
9.944464,-25.029438,4
21.074257,9.021059,2
-25.900028,-1.7217721,1
22.740034,8.146858,2
22.660933,7.226,2
-4.0410624,21.948166,0
23.573874,7.4806337,2
9.048284,-23.769928,4
10.15797,-23.29489,4
1.4149005,0.34609362,3
-1.0147339,-1.2557641,3
-3.954769,23.2806,0
22.184462,9.342213,2
-0.14981101,-0.266373,3
-23.72607,-3.9356523,1
-7.2894135,21.14942,0
1.7894062,-3.4499297,3
7.9203672,-22.69813,4
7.467057,-22.723198,4
23.57376,8.169932,2
2.4263391,-2.8062432,3
0.28223076,-2.7657523,3
0.98019624,-2.170701,3
22.470526,7.3691654,2
-1.0156344,-1.8024416,3
-6.7460136,21.286623,0
-4.910404,20.496557,0
8.52674,-21.642357,4
-6.854644,21.76425,0
8.276835,-21.087242,4
-24.42422,-4.174908,1
1.2528105,-2.1358132,3
-5.093673,21.432465,0
6.287112,-22.696598,4
23.870245,8.657111,2
-0.3382542,-1.0658047,3
7.4825997,-25.693687,4
-24.693039,-4.369771,1
-25.947329,-2.763093,1
23.013086,8.940524,2
-23.72932,-5.45366,1
6.593903,-23.077076,4
20.35158,10.166916,2
7.76569,-23.85383,4
21.586489,9.991491,2
8.420427,-25.6214,4
0.5612847,-2.318561,3
-25.63168,-4.151102,1
-6.346768,22.373957,0
-0.18101364,-4.6264634,3
-3.9035926,22.16869,0
-5.9254656,21.139317,0
-24.247786,-3.5550385,1
-5.184158,21.92357,0
-5.4449587,23.238764,0
6.0378203,-22.134691,4
8.424758,-23.014317,4
-24.242384,-1.0828812,1
-6.3261986,21.61492,0
6.5066886,-23.067677,4
0.447617,-4.1041255,3
-26.689339,-2.2394722,1
-25.313187,-3.514802,1
2.5305896,-1.9816619,3
-5.4774137,20.868328,0
9.06748,-22.542593,4
-24.704659,-3.3876147,1
23.702143,7.202178,2
-6.791622,23.881357,0
20.202736,6.7075496,2
20.587133,9.506239,2
0.94964737,-2.0115387,3
-7.249465,21.739265,0
22.525122,8.031355,2
23.061003,8.178139,2
-24.26468,-3.0107462,1
-0.4160799,-2.316047,3
2.078668,-1.303397,3
20.31162,8.772545,2
0.4234622,-1.5463057,3
-1.1473641,-0.33929256,3
-0.527794,-1.6217582,3
-24.808916,-3.5664437,1
-23.269222,-1.3286569,1
-4.035304,20.640278,0
-0.10203184,-1.7110473,3
21.230417,7.1404953,2
-6.8931913,22.299725,0
0.025140978,-1.0026658,3
20.563206,8.512011,2
-6.4352775,21.223656,0
8.326537,-23.760044,4
2.124009,-2.7801085,3
9.321603,-22.114874,4
1.5742184,-1.6855053,3
21.693535,7.0717516,2
-7.0750484,24.236343,0
-24.34489,-4.344726,1
6.977381,-23.444792,4
1.4188979,-1.037717,3
-24.89396,-2.0916417,1
-25.320518,-2.0883167,1
8.296376,-23.25877,4
1.974886,-1.4452517,3
7.2314467,-25.019539,4
0.046627253,-2.5992787,3
-23.266062,-4.0264063,1
-4.502154,22.520554,0
9.184698,-24.12884,4
7.8219194,-23.61132,4
7.835252,-23.311874,4
-23.40421,-2.770047,1
22.742428,6.075759,2
-25.52906,-4.190132,1
-0.64923394,-3.8721416,3
-22.480078,-5.4959908,1
-26.766602,-2.8288362,1
8.543261,-23.04333,4
7.5279617,-23.815346,4
21.550285,8.984056,2
1.8236165,-0.32391268,3
-23.319971,-2.2575617,1
-1.766188,-1.2323791,3
-1.9261724,-3.3604503,3
0.49852437,-1.4292344,3
20.972008,9.165966,2
8.134601,-21.992819,4
7.4783354,-23.087048,4
-4.3344197,21.396938,0
-7.863713,23.00344,0
8.625523,-26.010588,4
0.01574779,-1.6865265,3
20.913273,8.921664,2
21.996868,8.803122,2
-6.132083,21.688215,0
8.681629,-22.23401,4
-25.144688,-5.339364,1
-4.803413,23.39947,0
-1.0228859,-4.1977296,3
-0.15744603,-2.9773607,3
23.115423,7.0183773,2
7.4531994,-23.424528,4
0.7809071,-1.498161,3
22.825848,7.9250464,2
8.443806,-23.602968,4
20.008806,9.407507,2
-1.8842494,-1.5140992,3
-0.09663376,-2.9437206,3
-0.1955789,-3.050177,3
-24.7014,-1.9163976,1
21.94121,5.2149525,2
-24.43105,-3.961141,1
24.052368,8.324834,2
9.285909,-22.73254,4
22.816235,9.607787,2
-1.3968438,-0.7500403,3
10.338789,-22.847326,4
21.603561,5.4218326,2
21.113548,8.65739,2
-0.9033932,-1.82598,3
0.75543463,-3.03012,3
22.750942,7.1565824,2
23.0683,9.521551,2
6.301858,-23.792418,4
21.00379,8.022914,2
9.765299,-22.963049,4
-22.596228,-4.760899,1
-25.56629,-2.908862,1
0.21280539,-3.204297,3
-4.967315,20.856901,0
-6.774688,22.034943,0
22.754547,7.838896,2
-7.67039,23.492563,0
-24.774845,-3.826238,1
7.3168173,-23.611998,4
-5.5374956,23.384405,0
1.4003001,-3.1992857,3
22.141232,6.085306,2
-21.925913,-3.4536316,1
2.7106285,-2.2296805,3
-5.1076875,21.973265,0
6.607307,-23.114687,4
0.014101547,-1.5854517,3
8.020824,-24.492416,4
22.720499,7.409896,2
7.9717746,-24.013437,4
-25.939083,-3.3708255,1
22.11918,7.3633413,2
-25.67115,-4.3192806,1
20.11924,8.419642,2
-0.20451544,-1.8544121,3
6.2614408,-23.018227,4
0.108007096,-1.4474571,3
20.45821,8.751926,2
-0.9605251,-1.9683808,3
-5.1538587,21.839203,0
-3.2732818,22.76926,0
-0.55048954,-2.0399737,3
7.8985157,-24.049425,4
8.932911,-24.980698,4
7.6887937,-23.945501,4
-0.1127595,-2.4757507,3
-6.6417785,20.954435,0
7.8454466,-23.31147,4
7.389818,-25.21127,4
-22.148224,-3.6275434,1
-24.326666,-3.045532,1
-23.029997,-2.9739163,1
-6.2733154,22.180655,0
9.943728,-22.157133,4
-26.747318,-3.5338507,1
-1.8729984,-2.2346895,3
0.5079026,0.07831904,3
-23.503473,-2.8476334,1
21.97667,7.616042,2
20.995998,6.0168085,2
-1.019067,-0.6382093,3
7.9704027,-25.306894,4
-22.823244,-5.247633,1
-24.778637,-1.3870909,1
-24.82388,-4.897555,1
7.3385253,-24.865944,4
-1.8485602,-2.3178937,3
6.5258846,-23.552519,4
-25.641626,-4.262631,1
-6.4789577,21.490448,0
19.551533,7.598362,2
21.279947,8.258316,2
21.553032,7.6574693,2
-0.50884116,-2.0728223,3
-5.408355,21.94401,0
-7.9542966,20.998697,0
8.200314,-25.743427,4
-24.859564,-2.4458635,1
21.30087,8.184102,2
20.622578,8.848344,2
-25.819542,-4.2877207,1
1.2885332,-3.4031568,3
1.3369108,-0.5217155,3
0.13806137,-2.4275522,3
-4.5960884,22.32754,0
0.40712258,-3.9986773,3
-23.926073,-3.5566547,1
-4.445568,21.129786,0
-23.909275,-3.4031143,1
-0.62716603,-0.71071935,3
0.8379783,-0.45323157,3
7.097051,-23.645844,4
-0.99056774,-3.2637784,3
9.331668,-25.078253,4
-24.357992,-4.46036,1
20.438456,8.016618,2
1.4360338,-1.6983305,3
-0.50983536,-1.1107389,3
-5.1185565,21.374655,0
21.970457,8.192993,2
-5.995588,21.348204,0
0.34089196,-2.9496834,3
8.9535675,-24.644375,4
22.490698,6.252483,2
6.4343925,-24.381195,4
9.215523,-23.739126,4
21.290186,7.216388,2
9.535709,-25.033407,4
8.230358,-21.61605,4
-2.103802,-3.0877063,3
-27.182835,-3.7595236,1
8.586265,-23.374811,4
21.345766,5.7632813,2
-3.9044363,22.763174,0
-24.257015,-3.2076476,1
-7.4573255,22.58906,0
8.890766,-23.003557,4
0.59742534,-1.2778914,3
-4.360534,21.638594,0
24.074629,9.042213,2
0.5213914,-0.23596168,3
6.544506,-23.685549,4
20.659605,7.2770658,2
8.526273,-24.02679,4
19.747345,8.242697,2
7.9670467,-22.025452,4
-24.617426,-2.397332,1
0.48878717,-4.057196,3
0.1947226,-0.402292,3
20.623116,6.5380597,2
7.1305037,-22.347315,4
6.9390163,-24.659561,4
-24.05693,-2.9163847,1
-7.211945,22.962646,0
-23.257057,-2.4206734,1
22.968344,5.7908382,2
-23.5545,-3.0926769,1
7.9264097,-24.07472,4
-26.28497,-5.023943,1
-26.143768,-2.0897093,1
7.7488937,-25.276228,4
0.4750447,-3.6506479,3
6.987002,-25.81337,4
21.768307,5.5618415,2
9.034413,-21.812305,4
-4.6657524,22.840746,0
-4.741723,23.887465,0
-3.343172,21.043629,0
-6.1877785,23.98981,0
20.189796,7.995521,2
-24.875519,-2.0422544,1
21.545492,6.9110494,2
-0.51133484,-3.2134182,3
8.897805,-23.16951,4
-25.150667,-2.7223678,1
7.139319,-23.591679,4
20.933184,8.24756,2
-22.263065,-2.857946,1
21.589617,6.539969,2
-24.77645,-3.575894,1
-3.9976227,21.30037,0
-0.4770684,-1.8651426,3
-24.650911,-6.2456193,1
-4.9358115,22.128735,0
1.2361394,-1.5452181,3
-23.497057,-1.9370296,1
5.934657,-24.236427,4
1.4352149,-1.7776883,3
0.28401664,-0.8006114,3
7.9252505,-23.6819,4
-23.615898,-3.3655941,1
1.9144471,-3.0364578,3
-24.05757,-1.6773489,1
-24.266203,-5.3207216,1
7.539842,-23.224115,4
21.468706,9.4202385,2
-0.04185335,-1.8448745,3
7.357931,-24.259014,4
-22.982147,-2.0641265,1
1.9456372,-1.2333046,3
-26.401968,-3.6093779,1
-26.488127,-5.6796694,1
7.241893,-24.547924,4
-4.441072,20.25294,0
22.072565,7.240959,2
6.4596186,-23.834757,4
5.7340994,-24.712978,4
6.5490975,-22.26222,4
-0.14780873,-3.6065764,3
19.897318,9.565333,2
-7.6466026,22.749504,0
0.38076612,-1.7969013,3
7.7426763,-26.158928,4
8.9253235,-22.744333,4
7.05793,-21.69835,4
21.018026,6.513352,2
22.237993,9.638943,2
-24.959435,-3.7145822,1
23.689632,6.5782304,2
9.181802,-26.011799,4
-24.977312,-2.5350237,1
8.98565,-24.710451,4
-22.412066,-3.0533884,1
-24.053108,-2.3820286,1
-6.9227595,23.726526,0
22.395725,8.603963,2
-22.89866,-5.1745043,1
-23.516434,-3.8660605,1
22.561922,6.370546,2
-23.966867,-3.0207112,1
-2.9507654,22.444433,0
-24.991373,-3.37932,1
-25.073093,-3.8371162,1
-24.537727,-3.7732956,1
-22.563978,-3.2190964,1
-23.999825,-3.9932826,1
0.6540255,-0.42701766,3
8.498322,-21.90778,4
-6.1395802,20.812422,0
7.785931,-22.767178,4
-4.8271832,22.817446,0
-23.51057,-5.381743,1
-2.9565036,22.833342,0
-5.4814587,23.458448,0
-22.936974,-4.6753955,1
-22.432833,-3.7503903,1
-25.20166,-3.6835463,1
19.509249,8.919156,2
8.213372,-23.946404,4
-1.0027053,-0.561843,3
-1.2594755,-0.30127576,3
22.300928,7.156005,2
-1.5271654,-2.5718453,3
23.530228,7.2891626,2
7.3963256,-22.563805,4
-23.856297,-4.524694,1
9.417171,-23.436308,4
-23.071276,-2.683549,1
23.39718,6.738245,2
-4.7274303,21.001595,0
20.158655,6.4858813,2
21.504942,7.2459803,2
-4.747862,21.356037,0
8.905166,-24.903006,4
7.0685496,-25.464872,4
-22.837128,-3.0319672,1
19.788298,8.472448,2
1.9242676,-0.48340204,3
-4.8592534,22.302496,0
-2.4299152,-1.435479,3
-24.477818,-4.6382504,1
9.154999,-24.735083,4
-1.3740995,-0.6418698,3
9.494822,-22.830408,4
-1.0707179,-0.78517234,3
-5.1795197,24.459696,0
-4.3768506,23.18713,0
-0.6609692,-2.6267993,3
0.4312888,-4.5679374,3
-5.149356,19.723413,0
-3.055214,22.062054,0
8.857663,-26.005713,4
-23.914831,-2.1479464,1
-5.73483,22.90672,0
-23.966944,-5.9099097,1
21.52321,7.392279,2
7.115475,-22.91003,4
-1.6088176,-0.46570638,3
23.096626,7.85898,2
5.879044,-25.511698,4
22.90298,7.832422,2
1.2600731,-2.3373427,3
-24.134705,-4.221337,1
-5.6257205,23.753456,0
0.41656372,-0.8287438,3
-3.236385,21.236427,0
9.05553,-24.936787,4
-3.8848863,23.572235,0
-24.17639,-2.0243711,1
0.7320513,-0.37606573,3
-0.39846992,-3.5236957,3
-6.1988297,20.716848,0
-6.052958,21.143728,0
-26.252666,-2.5770402,1
-5.9549365,24.490786,0
-5.8064356,23.401506,0
10.153939,-23.430082,4
0.20934537,-3.6002457,3
7.429603,-22.477797,4
6.4189777,-25.308493,4
23.116676,7.473906,2
-4.5273886,21.210457,0
-24.012371,-4.3648095,1
23.178503,9.78597,2
-6.8769126,23.142395,0
-6.35703,22.698772,0
-24.023798,-3.608073,1
-24.045769,-2.8484464,1
-6.6180043,21.727785,0
-24.850359,-2.9665277,1
-5.570725,21.500834,0
-0.8412457,-1.0719142,3
0.6411495,-3.3482456,3
0.7761388,-0.8470203,3
-1.6779754,-2.105973,3
7.478327,-21.46098,4
-0.66352934,-1.6130517,3
21.88023,6.5945354,2
0.7563193,-1.3497525,3
-25.88957,-1.321389,1
21.579485,10.450919,2
19.936132,7.3668046,2
-23.767054,-2.4415257,1
-25.006868,-5.5887356,1
8.280922,-24.524065,4
0.035601538,-0.83690935,3
19.057682,7.575708,2
-3.1469908,21.880508,0
0.32427728,-3.7978287,3
-6.8057,21.546278,0
-0.36179844,0.47950438,3
7.585315,-24.414364,4
9.988349,-25.544226,4
2.8103771,-1.8537182,3
-6.4239035,23.289566,0
-0.46374917,-3.2273936,3
-6.315435,24.686356,0
8.518242,-22.613201,4
-6.0348816,22.182583,0
-22.962782,-4.9987135,1
-26.038832,-3.7284076,1
-7.6012588,22.725185,0
20.145552,9.919353,2
-5.579127,22.27544,0
-6.0399384,21.787924,0
21.78248,8.085402,2
-25.422232,-2.5029266,1
22.876297,8.140435,2
-26.124372,-3.937808,1
21.408304,7.1268215,2
0.6169441,-2.8110847,3
8.002878,-23.068953,4
-6.060147,23.957026,0
9.026294,-25.571508,4
7.2609577,-20.958986,4
8.334224,-23.13045,4
-4.9793577,21.653633,0
6.4365726,-23.622515,4
8.304237,-24.167124,4
9.919628,-23.072924,4
-22.264515,-1.882402,1
6.683527,-21.63715,4
-23.180473,-2.7430727,1
-23.680172,-2.9808652,1
-4.8379726,20.724718,0
1.5408906,-2.5425014,3
-4.556156,21.922132,0
-3.3295085,23.514881,0
-7.692005,20.795553,0
-23.541254,-2.995028,1
23.986172,8.357981,2
21.840477,7.1642947,2
-23.712656,-3.3669646,1
-6.2467732,21.353565,0
1.3348299,-1.2266247,3
-4.13534,22.136623,0
-6.2740664,22.205889,0
20.62455,9.112089,2
6.2420692,-22.786367,4
-24.864588,-4.9031878,1
1.2459254,-2.1802938,3
7.9351864,-24.307457,4
-23.400742,-2.4794304,1
-0.9409414,-2.9254162,3
-6.2544503,23.42056,0
20.36992,7.8670053,2
22.699493,7.1956186,2
6.9852786,-25.69226,4
6.5691648,-23.929867,4
7.7684646,-24.96452,4
-25.616888,-4.4286175,1
-1.0841122,-1.1970708,3
22.224903,6.005881,2
-4.7419,24.345232,0
0.6170188,-2.8737085,3
-5.923341,23.392513,0
20.965456,7.0760846,2
19.248009,7.8176627,2
0.8291883,-2.3067813,3
-4.4690685,23.909386,0
-22.927258,-4.3332067,1
-4.3829556,21.5692,0
-25.578657,-4.4335814,1
20.23529,7.7013254,2
19.858856,8.60693,2
-4.7428355,23.469988,0
-24.803143,-5.079501,1
21.57213,5.3933077,2
-23.375803,-2.4545665,1
21.78793,7.638236,2
7.8658233,-23.271912,4
0.50829405,-1.0297227,3
1.3959409,-1.920791,3
-4.817777,21.918299,0
7.873988,-25.702515,4
1.3901808,-2.6898327,3
-2.9059098,21.919664,0
-25.947838,-3.3407872,1
-5.3978586,23.905674,0
0.92475843,-0.2938554,3
-0.57166994,-3.0980392,3
-25.647549,-4.1014924,1
21.114202,10.275453,2
-3.5999053,21.843212,0
-1.5252836,-1.7041606,3
-5.426116,23.071753,0
0.167073,-2.3262143,3
-26.156836,-3.9777715,1
8.580062,-22.17813,4
23.396402,9.616149,2
0.6690619,-2.5127027,3
-5.4568033,22.73708,0
1.663495,-1.4867337,3
-6.0134788,20.548754,0
21.668184,7.558746,2
7.366742,-23.2372,4
-0.025915563,-2.83443,3
22.115229,6.9166355,2
-4.4451537,19.968124,0
-5.0344114,24.196165,0
21.201735,8.461593,2
8.615047,-24.004473,4
-23.648632,-2.800146,1
0.10061322,-3.4278588,3
23.256893,8.435642,2
-6.019362,23.173183,0
-1.2935152,-1.7984898,3
9.001674,-25.483965,4
23.270838,7.6355014,2
7.4801865,-22.900719,4
20.036512,8.826373,2
-5.8598986,23.846188,0
7.1465335,-24.112001,4
21.40139,8.888933,2
-1.4237516,-1.9774258,3
24.326069,7.8545303,2
-5.010259,22.841448,0
7.254404,-25.652006,4
-3.7547913,22.31968,0
23.127617,9.0274105,2
19.15201,7.064811,2
-0.18658124,-3.3169646,3
1.2104741,-2.9321465,3
22.487314,8.998277,2
6.725078,-25.77339,4
-3.2162368,23.411171,0
5.6162066,-23.701721,4
-4.798893,24.710585,0
7.0718493,-24.229433,4
20.076637,7.727179,2
8.104674,-24.020264,4
21.455276,8.413599,2
8.338272,-21.089077,4
-5.458761,20.690718,0
-0.9961395,-3.416836,3
-4.9181356,23.572649,0
21.145214,5.419737,2
-25.224466,-5.3482175,1
8.880283,-23.452547,4
21.354542,7.979049,2
-0.8923138,0.40529943,3
-4.892728,20.706781,0
20.80685,5.5993075,2
22.815819,8.480576,2
-23.445057,-4.8148046,1
23.123972,5.511946,2
-24.22791,-3.6176684,1
8.26095,-25.007893,4
2.0183783,-1.6872345,3
-24.396776,-3.6731894,1
-23.39865,-4.8481307,1
-7.584963,22.139273,0
-1.1159524,-1.2922477,3
-5.4039564,20.04586,0
-0.58876866,-3.205811,3
-1.558959,-3.8470829,3
-4.8257356,23.93992,0
23.926094,7.1118736,2
0.17588788,-1.786787,3
0.27493724,-2.6836703,3
-23.891,-4.511873,1
21.91058,7.1458626,2
-24.294239,-2.2855802,1
0.57714677,-1.7579075,3
21.972305,6.805524,2
-24.836027,-2.4657538,1
6.463986,-23.117271,4
-6.781017,23.312353,0
20.756912,7.564243,2
9.145052,-24.55352,4
21.577337,8.7090645,2
20.127115,9.34619,2
-3.8618238,23.623657,0
-23.64889,-2.9854782,1
-0.7070351,-0.69434047,3
-3.1361446,23.004505,0
5.759691,-23.21132,4
-0.6317852,-0.4217815,3
-5.3106046,23.48297,0
-0.8656472,-1.0814326,3
6.155107,-22.030859,4
-6.5031185,21.893185,0
-23.231953,-3.040487,1
1.7793115,-2.952169,3
-7.122438,24.045475,0
-7.032632,21.64655,0
-25.637918,-5.6458325,1
5.6658435,-23.36666,4
-26.476137,-4.397407,1
-6.3117785,21.224468,0
-7.527292,23.476791,0
21.261793,7.806836,2
1.1826904,-3.8432803,3
-24.99028,-5.4048357,1
-24.146906,-2.750166,1
-25.089647,-3.3394668,1
9.110359,-24.75354,4
2.6445353,-2.2468674,3
1.1689795,-4.291995,3
-23.31592,-4.3870625,1
-0.26611158,-1.0401074,3
-5.4779534,22.817766,0
8.197348,-23.643063,4
8.348575,-24.126192,4
-23.640919,-4.3764133,1
1.6357584,-2.5689456,3
-6.074321,21.051662,0
-26.117878,-2.7270079,1
5.935719,-22.029417,4
7.8058157,-22.15741,4
-6.8564286,21.7914,0
-7.113259,23.186422,0
-4.7211475,20.619757,0
8.190902,-21.080585,4
-5.1413803,21.589687,0
-6.8194866,22.56901,0
-25.067787,-3.2263434,1
0.52826685,-4.5663643,3
-23.019167,-4.525674,1
20.953426,8.607529,2
21.133131,6.769299,2
8.278099,-24.003666,4
-5.774705,22.047112,0
6.6098027,-24.174383,4
7.809419,-25.11107,4
20.132317,6.7460814,2
0.41130725,-2.7273562,3
-24.72103,-3.068661,1
-25.178898,-3.395739,1
-5.2370024,22.76577,0
-23.001568,-4.363934,1
20.85824,5.39696,2
5.666962,-24.80618,4
-4.864717,21.09441,0
-0.052362278,-4.493057,3
-6.4541264,23.201595,0
0.20227954,-0.31409404,3
23.130249,7.4818263,2
-1.4997882,-0.8014745,3
-25.59198,-4.1117725,1
8.613556,-22.644379,4
-5.2064614,24.704437,0
0.5449255,-1.0707455,3
6.8577733,-22.52968,4
21.391205,5.3755317,2
1.4381976,0.2524389,3
-24.994366,-2.2633495,1
0.87044895,-2.7348714,3
0.018186042,0.07928675,3
-22.747023,-4.2419376,1
-22.326206,-5.072838,1
2.16714,-3.397146,3
1.184507,-0.75684094,3
-25.703384,-3.5999136,1
5.166416,-23.649775,4
5.8494177,-24.611296,4
20.28699,8.668534,2
-25.406307,-3.2969344,1
8.107436,-22.895618,4
0.5742189,-2.8523564,3
9.235306,-22.467255,4
20.776148,9.593306,2
20.470732,9.231369,2
-24.668173,-3.3774297,1
-23.620897,-5.560645,1
7.532703,-24.490301,4
-5.695778,19.801233,0
6.6188626,-22.449268,4
22.879015,8.942604,2
6.283035,-22.747442,4
-24.3125,-2.819952,1
8.5514965,-26.093248,4
-5.6902504,21.135107,0
7.565544,-23.199331,4
19.295246,7.697334,2
-5.165078,22.55627,0
6.7601585,-24.199778,4
-25.330467,-4.6836405,1
1.1408672,-0.091306664,3
-6.1737375,23.199345,0
20.977535,6.0483975,2
7.077028,-22.992105,4
7.2414026,-22.830076,4
19.818357,8.692391,2
21.918041,8.060679,2
-25.67273,-3.687444,1
1.7819562,-0.6197908,3
-25.17625,-5.786715,1
7.8260164,-22.271002,4
22.042866,6.331102,2
5.6181226,-24.645851,4
-25.24135,-2.9743278,1
-6.8246803,20.933914,0
22.843988,8.157884,2
-25.184551,-3.904373,1
0.35396767,-2.554324,3
22.083048,7.5860004,2
21.398127,9.202995,2
8.44151,-26.135612,4
-6.122898,21.215359,0
22.958431,7.461879,2
21.995869,8.90824,2
22.315327,8.03553,2
-24.236324,-5.38904,1
-24.408115,-2.7051804,1
9.181912,-23.62879,4
-8.357402,22.771856,0
0.50411975,0.3414894,3
-23.55332,-4.9800587,1
21.073812,9.997697,2
-5.6057215,20.392296,0
21.502136,7.3360033,2
22.514917,7.3750067,2
20.316927,6.379049,2
19.874878,9.342607,2
7.031423,-21.246832,4
0.43964142,-1.6137931,3
-0.20913947,-1.4045775,3
-4.8531456,19.848482,0
22.192314,10.223262,2
-1.4576879,-3.2673316,3
0.36066654,-1.2881004,3
9.506525,-21.630732,4
-24.477848,-2.5711784,1
-5.196157,22.281523,0
-7.560121,23.624332,0
7.9231505,-24.228535,4
20.669542,6.893354,2
-25.280622,-1.8481939,1
5.428773,-24.409529,4
-3.7513092,23.05459,0
0.3141247,0.2377054,3
22.44143,9.705476,2
-0.81716645,-1.7334358,3
23.120462,5.569788,2
5.95936,-24.090979,4
-25.148392,-4.076561,1
-6.113689,23.875393,0
-3.3897128,22.116848,0
20.878895,8.045957,2
-26.23923,-4.051955,1
-5.4680586,22.63543,0
21.697538,8.010621,2
0.716534,-1.7599473,3
-0.88088226,-2.8942463,3
19.646423,9.174738,2
-25.227331,-3.5197692,1
-26.257196,-4.284325,1
-26.767761,-4.7672443,1
-5.4144506,21.61139,0
0.50792545,-1.2021943,3
-0.80463743,-2.718934,3
-1.1681498,-1.6324102,3
-5.2427845,22.884375,0
-24.774006,-5.4721813,1
-23.63858,-2.4323611,1
8.207817,-21.252493,4
-23.865492,-3.6065445,1
24.236479,7.4777427,2
-0.6888238,-3.474713,3
0.48148736,-2.850237,3
-4.5744777,20.657618,0
24.001005,8.508993,2
8.562645,-23.407694,4
-3.8258908,23.517115,0
-4.9786434,22.185287,0
-25.583515,-3.570296,1
-0.94175637,0.19637693,3
-0.2227015,-1.843197,3
7.7569695,-22.792826,4
9.883406,-23.951353,4
-25.03499,-2.2696426,1
-0.5177843,-3.0755346,3
-1.5884042,-3.5265727,3
6.280137,-24.196741,4
-4.6816063,24.009089,0
-7.245045,21.122719,0
22.233753,8.05001,2
1.4473299,-0.4601286,3
5.659964,-24.713083,4
-22.304644,-4.805163,1
7.602536,-24.739706,4
-3.9998403,24.055843,0
-4.2231264,21.414835,0
7.1709566,-23.869772,4
-23.308529,-4.0014267,1
-23.139797,-2.6092029,1
-1.3691318,-3.9433537,3
21.780252,6.1040835,2
8.025295,-25.242949,4
5.928445,-22.797085,4
2.0611696,-2.6958008,3
-24.147877,-5.5772877,1
-6.2927146,22.373344,0
20.077028,7.882021,2
21.138622,8.639312,2
-23.957096,-4.1536894,1
-25.952284,-2.8247335,1
7.554967,-22.411373,4
-24.801231,-4.7493916,1
-22.70817,-2.5506656,1
22.766914,9.384925,2
-1.3770229,-2.8375967,3
-24.868357,-2.2958865,1
-24.196632,-3.4107165,1
-22.688225,-3.5187025,1
-23.601944,-5.031501,1
-6.6260123,22.148659,0
-24.744179,-2.391387,1
7.3892345,-24.702787,4
20.435772,6.1944184,2
20.542685,7.6986365,2
-24.110409,-6.1488304,1
21.5084,9.630897,2
-25.064545,-2.697566,1
23.375956,7.4727483,2
-5.563891,19.868294,0
8.950561,-25.4429,4
-24.509123,-4.933672,1
-23.877481,-3.8977022,1
-24.724148,-5.207343,1
8.870955,-25.652983,4
-4.6022873,21.800547,0
21.501846,6.4367304,2
21.602331,7.6929264,2
-4.124614,22.35062,0
0.20878327,-0.96312904,3
8.765624,-24.29826,4
-23.692463,-3.855892,1
-4.0343738,21.336441,0
21.621265,8.51429,2
-24.401794,-2.9773538,1
23.460339,9.083598,2
-5.131592,22.436169,0
8.347755,-24.502344,4
-22.605446,-3.0517318,1
20.759686,9.212507,2
0.7902637,-3.8530943,3
23.255592,8.160986,2
8.780678,-25.003181,4
-23.597431,-1.9624264,1
0.58286136,-1.0355488,3
-5.513532,22.678442,0
8.543842,-25.141985,4
21.80413,7.900637,2
22.56884,6.97943,2
-6.2683764,20.862144,0
19.809183,6.867817,2
-26.625452,-3.767071,1
0.04857083,0.5564208,3
20.538542,7.7106028,2
-2.2330225,-2.671034,3
-22.537449,-4.658591,1
7.5366235,-25.074677,4
-0.9360498,-0.36191538,3
-23.102854,-4.181285,1
22.103823,7.491957,2
-24.38933,-2.3368368,1
1.2211976,-0.79942197,3
8.730768,-24.621922,4
23.20482,7.8310075,2
-6.463223,20.779903,0
-24.328154,-3.2994823,1
-5.308031,22.512985,0
5.5996675,-25.00288,4
9.478196,-24.836666,4
0.746285,-2.2472947,3
22.32287,8.701123,2
6.7462444,-23.668453,4
21.629866,6.317091,2
-4.3841186,23.171976,0
7.543218,-26.352247,4
0.7336609,-1.7903537,3
-24.782772,-1.8815858,1
7.086279,-24.229912,4
5.9254017,-24.598488,4
7.306812,-23.997269,4
-24.644428,-3.3975246,1
-24.645922,-3.5404043,1
21.087637,7.392841,2
8.432089,-24.037457,4
-26.682926,-5.0237517,1
7.601597,-24.911938,4
-0.78445065,-3.5174878,3
23.901897,8.073939,2
19.805984,8.380307,2
8.895719,-23.014198,4
0.18030404,-0.39581168,3
20.71291,8.575161,2
1.1129476,-2.3653226,3
9.0871315,-24.95487,4
0.26738712,-2.0123124,3
-4.320658,22.073639,0
-4.3081617,24.293896,0
-23.368921,-4.569189,1
-24.692787,-3.1559412,1
-25.105358,-2.5568287,1
6.266577,-23.263786,4
22.15907,5.378447,2
5.405739,-24.457771,4
20.52528,7.147852,2
-24.861702,-3.395819,1
0.939105,-1.4357215,3
-1.2822989,-0.015631368,3
-5.7180033,20.897932,0
-26.076767,-3.9043574,1
-25.004326,-4.519005,1
9.237769,-22.952345,4
22.457623,7.5789843,2
9.876956,-23.710386,4
-23.77859,-1.3734807,1
8.310972,-23.653294,4
-3.9730952,22.829731,0
7.436693,-24.159037,4
8.664907,-23.903154,4
21.30683,6.8087206,2
9.19021,-21.569836,4
-3.9548595,20.332006,0
22.749798,6.8418508,2
1.3715367,-2.9907966,3
21.083788,8.117418,2
-4.2857704,21.974936,0
0.8215642,-1.1614547,3
-1.0723673,-1.737359,3
-6.403165,20.804003,0
22.422491,7.573733,2
21.994316,7.6337366,2
7.473071,-22.887156,4
21.17756,8.146553,2
-26.303617,-2.4093242,1
6.054257,-24.620552,4
-23.271463,-4.038069,1
-27.023657,-3.3648255,1
-23.749023,-4.493457,1
-25.060064,-4.737416,1
19.915,5.9885287,2
-3.3045754,22.287682,0
-24.231577,-2.6809742,1
21.589174,7.257173,2
20.94955,6.5275106,2
-5.930213,21.06675,0
-22.844704,-5.3983436,1
-22.727257,-3.9982204,1
-24.792458,-2.469497,1
0.60848725,-3.5618582,3
-23.89155,-4.2234807,1
0.6009954,-3.922465,3
-25.248587,-4.1190166,1
7.2414174,-22.266924,4
-23.154432,-6.484605,1
-6.0196705,22.46219,0
-6.115623,22.821486,0
6.8378096,-24.077793,4
21.23045,9.410314,2
-24.678064,-3.4743948,1
0.3700976,-3.4528081,3
-6.7381415,22.819822,0
7.946322,-25.766914,4
21.458824,8.570555,2
8.185803,-23.827063,4
6.1578918,-24.369848,4
-22.486961,-2.804907,1
21.814007,5.8333707,2
22.38872,7.987002,2
-23.324308,-4.313968,1
-0.042967938,-0.6955175,3
-22.882627,-5.56122,1
0.8683133,-1.6141814,3
5.5867844,-22.704605,4
-24.020899,-3.651037,1
6.750811,-23.850933,4
-1.716059,-0.12573114,3
6.85418,-24.147226,4
21.687857,9.286254,2
22.563837,10.43387,2
-7.757917,21.385767,0
-0.7644755,-2.2163599,3
1.2596319,-4.155708,3
-22.67802,-5.8691745,1
-5.6661673,22.619396,0
-25.147387,-1.659492,1
-5.28371,21.70253,0
-23.268112,-5.409786,1
9.454791,-23.823336,4
-5.887217,21.61826,0
-4.449399,22.937769,0
-24.002642,-1.9563127,1
-23.607069,-3.898947,1
-24.697496,-5.390933,1
6.345111,-25.096916,4
-4.1646767,21.574512,0
23.535648,7.1356845,2
0.06352923,-2.5754902,3
-5.713848,23.445608,0
-22.715261,-5.9652596,1
9.175357,-24.801577,4
-1.115501,0.022385499,3
9.681331,-24.295704,4
-3.2224245,21.278913,0
21.2085,5.1726384,2
22.9133,9.10058,2
-23.143747,-2.2384946,1
-1.307226,-3.7338088,3
-4.7501645,23.444666,0
20.32444,7.6383224,2
-3.801398,23.259293,0
-0.5832896,-2.0793447,3
5.515582,-22.924635,4
-24.549791,-3.7382388,1
-5.7868757,23.012732,0
8.472104,-22.938368,4
-0.8624819,-3.0342813,3
-24.443478,-4.667979,1
21.322063,7.7349415,2
6.661535,-24.854113,4
0.7750347,-3.404692,3
20.980137,8.264143,2
2.7373593,-2.1634696,3
-23.683928,-2.0557864,1
-22.603292,-5.2118664,1
6.624067,-24.06869,4
0.9396459,-1.793516,3
7.838725,-23.556593,4
8.546484,-24.659111,4
10.088673,-23.204205,4
10.084272,-22.411093,4
21.632301,8.881479,2
-0.47866875,-3.53284,3
-24.740364,-4.6676283,1
-4.6791124,22.325506,0
7.1131225,-25.23691,4
6.310791,-24.827826,4
7.906225,-23.065372,4
22.195425,9.001442,2
20.357641,10.03701,2
-1.6332241,-2.8287888,3
20.621063,7.655652,2
-6.0295897,22.21073,0
-25.345245,-3.7928717,1
-24.51331,-2.260724,1
-24.198452,-4.922067,1
-1.7466388,-0.8181462,3
-7.549395,23.483118,0
0.95904016,-0.96638894,3
-0.8424406,-1.620857,3
5.6295614,-23.96203,4
-6.764079,23.447645,0
-22.866467,-4.9221015,1
-25.125114,-5.3357873,1
-1.1974578,-0.7217665,3
-5.4027886,21.381546,0
-6.047158,21.289604,0
20.483128,6.042806,2
-5.4784923,23.674564,0
-6.0752854,23.857079,0
6.820235,-22.679976,4
21.54384,7.407278,2
22.54465,6.5173,2
-26.206408,-2.5833051,1
0.49463245,-2.6406422,3
8.329421,-23.315248,4
8.451245,-22.540455,4
6.658396,-24.228456,4
8.798834,-24.072086,4
19.215225,8.593064,2
-23.636377,-5.4193654,1
1.179949,-2.0445466,3
23.381327,6.373891,2
-24.336575,-3.9811544,1
-24.776133,-5.9744735,1
9.653034,-22.817585,4
-25.049084,-5.5999103,1
0.9110039,-3.1756823,3
-1.2491226,-1.6619263,3
-5.350318,19.538786,0
19.624979,6.8150644,2
-0.8078856,-0.25197053,3
-0.2952816,-1.3020036,3
-25.464817,-3.7927978,1
-25.613285,-3.3142674,1
-26.251144,-4.008879,1
-5.39731,20.711828,0
0.40702134,-0.84517825,3
-24.553473,-4.374582,1
-4.851689,21.984154,0
9.008566,-24.190765,4
-23.098852,-4.6483717,1
-5.8995795,22.861254,0
-24.478895,-2.7257059,1
-21.97049,-3.0721514,1
-5.424089,21.95228,0
6.577917,-22.800188,4
-22.29369,-4.5650096,1
1.069039,-2.3598816,3
0.3653728,-0.8410299,3
-0.68008614,-3.283308,3
-0.8791887,-1.4747666,3
-1.1396451,-0.91667557,3
-25.162336,-1.5180051,1
22.65904,6.988991,2
7.1418552,-22.926407,4
-5.3210726,22.5273,0
0.86906904,-1.6817802,3
20.482298,7.561092,2
0.16730657,-1.8699728,3
-25.047714,-4.7107387,1
-25.461859,-4.7230773,1
-23.844103,-4.111441,1
-0.19498885,-3.4450474,3
7.3824544,-26.052372,4
-25.348705,-2.271334,1
-6.686921,21.089197,0
22.264221,9.182986,2
22.364376,8.128549,2
1.1573815,-2.6587987,3
-24.683575,-3.1656387,1
6.7290983,-24.324331,4
7.653728,-24.444643,4
-6.631813,22.585068,0
6.7119203,-23.264074,4
-5.911668,23.095837,0
-23.622568,-3.9392796,1
22.705965,6.874545,2
-7.0237293,21.974884,0
-1.5368524,-0.70999247,3
-24.296183,-4.2361164,1
-23.023493,-3.7787778,1
-24.232388,-5.3631396,1
-26.321716,-1.9794806,1
6.58079,-22.761541,4
-5.4636626,22.956776,0
-0.7118893,-1.5636591,3
-5.5732512,21.994564,0
-5.7288656,20.711367,0
-24.228733,-2.0122635,1
-7.1856284,21.413914,0
7.6138816,-22.23829,4
6.949237,-24.513018,4
-5.022545,22.760548,0
7.4753532,-23.924894,4
7.8613405,-23.743689,4
21.1021,5.996049,2
-0.070299014,-2.538207,3
-6.635722,23.861437,0
-1.41575,-3.0205853,3
-8.096976,21.228348,0
-23.789621,-2.759565,1
1.3699102,0.15253511,3
-4.0305967,21.077139,0
-23.249117,-6.108169,1
22.143814,5.909832,2
21.571318,8.477271,2
6.4428267,-24.695065,4
-0.30531487,-1.9001048,3
-6.8180323,23.574715,0
-7.2530756,20.324083,0
-25.471579,-5.582393,1
-5.869259,22.633158,0
7.6009126,-21.750767,4
22.211594,6.6120934,2
1.9209675,-2.6346571,3
22.697416,7.776596,2
-23.310892,-3.5778363,1
8.136148,-25.07186,4
-4.8735814,21.690695,0
20.253796,9.087348,2
-0.3272365,-0.42142037,3
8.847763,-22.774334,4
-23.171965,-2.3857756,1
-0.28656077,-1.245662,3
-1.2421594,-2.1148052,3
8.845888,-24.898045,4
-0.37622637,-0.8708048,3
21.589277,9.474306,2
-25.927563,-4.564207,1
5.793114,-25.531515,4
-25.493803,-2.2656934,1
19.561266,8.602258,2
8.034304,-25.745842,4
-23.413185,-1.9179531,1
1.0346341,-2.1147525,3
23.393734,8.918183,2
7.978729,-23.351032,4
0.44690898,-0.45377764,3
-0.5394624,-1.9334143,3
-22.315886,-5.3508215,1
-4.2613277,22.464706,0
-23.11521,-5.4812155,1
-5.737836,20.309614,0
9.064733,-24.295723,4
-5.848829,24.535057,0
9.885521,-22.634584,4
-23.197716,-2.9435413,1
-26.343405,-3.4127064,1
1.7126094,-0.33153364,3
21.054924,9.121806,2
20.071833,7.8940053,2
-25.118317,-2.8465784,1
-25.625374,-5.158422,1
22.884817,7.6569185,2
7.169302,-22.776514,4
0.34699488,-2.012073,3
0.5115954,-2.9561405,3
24.092787,7.984074,2
8.312651,-23.332664,4
-6.61841,24.248743,0
7.5608096,-24.755032,4
-5.39983,21.840904,0
7.2238574,-25.360617,4
8.582932,-25.34405,4
-24.344812,-5.0786424,1
-5.860373,21.59351,0
-7.3825264,22.212502,0
1.0445527,-2.5623355,3
0.598435,-0.91520274,3
21.712381,9.167377,2
6.774251,-25.349836,4
-4.921071,22.441324,0
20.186857,9.101273,2
9.530962,-22.51555,4
22.604734,7.9466634,2
7.9829054,-22.553837,4
9.813014,-24.992716,4
-0.0112947915,-2.488048,3
21.153301,9.793578,2
19.689291,7.2737417,2
-22.342945,-5.013772,1
8.534106,-23.56458,4
-24.092703,-4.8464885,1
0.061699566,-1.396047,3
-0.98894805,-2.6812236,3
20.568207,8.701027,2
-24.275558,-4.770166,1
21.047626,6.7332525,2
0.08365393,-2.8847039,3
21.606256,7.2971997,2
1.1074442,-1.735927,3
1.047354,-0.32439634,3
-7.197005,20.851173,0
8.300928,-25.614946,4
-5.2474985,24.725708,0
-25.337925,-4.9248304,1
20.612007,8.631792,2
-5.4325633,20.5234,0
9.733612,-23.059444,4
9.395592,-22.648806,4
-5.721552,20.015467,0
-26.185719,-5.9607124,1
5.7911234,-22.778545,4
22.187853,6.7220335,2
-23.038195,-5.6857824,1
2.0995126,-1.3830869,3
7.086719,-25.535368,4
6.497281,-21.417068,4
-2.2595704,-3.2711506,3
-0.43132144,-2.4117966,3
1.7675527,-1.8969058,3
-0.34570143,-1.5861067,3
7.8504524,-22.416945,4
-4.507091,21.7217,0
-2.5295315,-2.0601115,3
1.1418594,-1.0335027,3
-22.971144,-5.2117076,1
1.8977903,-1.9609635,3
-0.30601943,-3.5815198,3
-6.3356247,22.563171,0
1.1419654,-1.6582104,3
-24.013044,-5.2040277,1
22.485258,6.728009,2
-23.63802,-5.686737,1
-25.700106,-3.523099,1
8.356017,-22.568428,4
2.3271046,-2.003465,3
-23.870602,-5.9238186,1
-23.619143,-3.9786274,1
20.013668,8.431193,2
7.254719,-23.837835,4
-24.63457,-4.566093,1
8.058693,-23.534258,4
9.153451,-24.979563,4
7.063805,-21.992485,4
23.15752,8.903858,2
9.569926,-24.119814,4
-25.414566,-4.1063867,1
-6.5665956,19.824505,0
-24.691868,-5.0586185,1
7.03444,-26.277092,4
-5.3393874,22.998793,0
-24.994469,-4.977022,1
-26.477026,-3.2160525,1
1.0429493,0.14143488,3
20.16959,7.0870085,2
-1.7682099,-2.2284691,3
22.040604,7.018267,2
-24.305874,-5.471303,1
-22.539028,-4.730945,1
-6.138844,21.949785,0
6.497496,-21.750587,4
19.880447,7.7418685,2
-5.380373,21.594273,0
-6.6147485,23.4935,0
-0.89057034,-3.0435429,3
-24.954912,-3.5634315,1
-25.01503,-3.3295732,1
-4.4294643,21.795866,0
-25.078997,-5.1050153,1
-4.146458,22.845633,0
-6.2118254,20.276474,0
0.8888901,-2.9980898,3
22.748905,10.093279,2
21.633749,6.325303,2
-0.19079979,-2.7071679,3
-23.115707,-3.1843064,1
-6.8926935,21.593239,0
-4.0332932,20.697598,0
22.891863,6.705149,2
0.17005749,-1.2623708,3
8.940455,-23.30005,4
19.8815,9.580824,2
-5.6556244,21.642603,0
-6.13409,21.804028,0
2.119291,-2.1881328,3
7.4528646,-22.71991,4
0.37744555,-3.1328864,3
22.060804,6.0525494,2
20.85433,6.724973,2
2.0033486,-1.8987643,3
1.4063345,-2.3847518,3
23.204042,7.9416103,2
-25.401432,-5.3768935,1
-26.57043,-5.5206823,1
2.3721058,-0.5890805,3
23.74836,6.339785,2
9.453718,-23.302198,4
21.963985,8.384427,2
-7.431672,20.843006,0
-4.591659,20.448608,0
7.393083,-23.1936,4
7.075636,-24.30504,4
0.51602143,-1.2763723,3
-2.1856089,-1.72762,3
-8.386608,22.389877,0
21.38934,8.718844,2
8.375804,-25.5382,4
0.7700115,-1.9063778,3
22.542738,6.0929832,2
-4.2893867,22.591347,0
0.42882556,-2.78588,3
20.018839,7.6384354,2
-21.649303,-4.233148,1
8.14637,-25.844263,4
-1.2415117,-2.4490998,3
-23.95195,-3.353425,1
21.75566,7.2290735,2
-6.175413,21.635271,0
23.074966,7.623528,2
-23.35922,-5.7022567,1
8.86201,-21.32564,4
19.39858,8.123712,2
-6.3198266,22.206306,0
-1.8581865,-1.6835469,3
-25.249561,-4.101869,1
21.92646,6.404232,2
20.3332,7.2439194,2
-6.5621915,19.81746,0
-25.745203,-4.223813,1
9.203661,-23.935534,4
-0.27570483,-1.7691313,3
-6.794669,20.305227,0
-6.7596283,20.524979,0
5.896961,-25.012037,4
21.790724,10.050327,2
-23.977808,-3.63536,1
7.2861505,-24.504673,4
-5.614247,22.50011,0
-5.083153,21.482054,0
1.71927,-1.6001785,3
-5.82386,23.078243,0
8.895828,-24.646463,4
-24.912935,-2.9724793,1
8.961089,-24.75366,4
-22.673244,-4.073518,1
0.5866614,-3.8464746,3
5.776293,-23.039114,4
7.1698704,-23.778566,4
-26.826395,-2.820496,1
0.97124517,-1.4548934,3
6.8368707,-26.33646,4
7.152358,-23.791292,4
0.30054608,-2.633475,3
24.083334,7.5869026,2
8.031148,-24.636549,4
-0.7395252,-1.926601,3
-6.5442886,23.170254,0
-1.7350543,-2.9514687,3
21.1047,8.486114,2
0.27712303,-2.5864472,3
-23.421272,-2.5161734,1
-3.4314601,21.922935,0
5.6287446,-22.250658,4
6.394132,-24.402983,4
1.4757109,-2.0216186,3
-4.6790648,22.747103,0
-24.578413,-2.5563705,1
7.3309026,-24.61824,4
8.526547,-25.04262,4
-5.083856,22.537453,0
9.782696,-24.053951,4
-5.0483866,22.679438,0
22.763077,7.8817124,2
-23.130114,-5.3059087,1
-3.9523325,21.376574,0
20.69032,7.1301336,2
-4.7660666,22.006916,0
-5.5744586,20.834366,0
1.9637785,-1.5195864,3
21.220001,9.559434,2
8.789474,-22.108932,4
-1.2372096,-2.534234,3
-0.23787971,-2.8988683,3
20.800282,5.4880395,2
-26.05324,-3.2343388,1
21.373077,8.573062,2
23.01011,6.9308233,2
-4.9614115,22.08533,0
-24.511765,-1.7387277,1
-23.992983,-2.551212,1
7.293658,-24.727238,4
8.290997,-24.943207,4
21.145468,9.66491,2
19.649319,9.397631,2
10.332489,-23.719234,4
1.6103474,0.111111276,3
21.199873,5.676408,2
21.992796,7.3679457,2
22.319849,8.521932,2
7.7521634,-25.946869,4
21.932182,5.4962187,2
-0.62340593,-3.022956,3
21.424772,6.725656,2
-26.143007,-3.4432945,1
-22.943022,-4.810493,1
23.432022,6.647246,2
0.31415585,-0.84806406,3
22.315931,7.230489,2
-24.514175,-4.289793,1
2.1777532,-1.5183011,3
-0.14909427,-0.75416183,3
22.574947,9.340507,2
8.845698,-22.52051,4
6.452652,-23.334576,4
1.6149379,-0.44050553,3
-7.5265713,23.10872,0
0.7778591,-2.102331,3
20.777233,10.230635,2
-0.39012307,-3.7623978,3
-5.528522,21.270279,0
23.162773,5.883754,2
-4.6414824,20.099167,0
23.271013,9.454226,2
-6.0518475,20.352068,0
7.591499,-21.454264,4
-25.353586,-2.0393124,1
2.4825585,-2.5152564,3
7.394047,-26.23964,4
10.548958,-23.4246,4
9.690466,-24.656982,4
23.09232,8.169385,2
-0.9644095,-4.3861566,3
-8.274318,21.866285,0
-24.043905,-3.9025671,1
-25.821468,-1.8861828,1
-1.2778146,-0.9220812,3
-23.79917,-3.8088548,1
-7.1043286,22.640839,0
-25.29568,-4.480956,1
8.427921,-24.88805,4
22.558907,7.892433,2
8.866767,-22.870745,4
23.280125,7.759175,2
-3.1911104,21.671257,0
23.951185,8.7272415,2
-22.549196,-4.181103,1
-3.9363277,20.670797,0
-2.0748913,-0.31280556,3
-1.989707,-1.8599352,3
8.951449,-23.190329,4
22.013897,6.3399234,2
-24.626305,-4.613324,1
22.134525,9.756752,2
5.86912,-24.925436,4
23.056742,8.611272,2
0.43611345,-1.6077825,3
2.3010197,-3.2891407,3
20.401691,8.644598,2
-6.065663,20.871498,0
-0.21823564,0.6587834,3
-24.003582,-5.949594,1
-23.468752,-3.063937,1
8.300578,-22.88784,4
-0.87597,-0.9698068,3
-23.404997,-4.9208517,1
-7.1516643,21.142889,0
8.613799,-23.993666,4
-23.37006,-3.289526,1
0.19471583,0.3652021,3
-5.088346,23.014664,0
-3.466964,22.308516,0
0.14075588,-0.88413775,3
-5.8205957,20.95572,0
-24.01537,-2.4142485,1
-1.4397306,-1.1168224,3
22.20845,7.529348,2
-6.011963,21.671968,0
-22.47356,-3.7101142,1
-4.4951096,22.50873,0
-0.8266239,0.03699888,3
-25.351572,-3.8423047,1
-0.51006824,-0.9497383,3
-23.305763,-4.885897,1
7.634135,-25.00639,4
6.459197,-24.951824,4
-5.8268332,22.442215,0
21.679472,7.6151433,2
0.4361739,-1.8040851,3
22.194157,10.511815,2
-5.543816,23.32624,0
-25.769707,-3.4521961,1
7.569545,-23.276594,4
5.7890916,-23.269218,4
22.53282,6.40542,2
-4.788453,21.539015,0
7.1621337,-23.270744,4
8.206029,-23.460178,4
-24.676525,-4.087777,1
7.5823364,-23.237185,4
-8.120808,20.972546,0
0.13589558,-0.105675556,3
9.022476,-24.221981,4
6.1029363,-25.388826,4
22.975697,9.113065,2
-24.268587,-2.6506612,1
-1.9306765,-3.282008,3
-24.963652,-3.9623497,1
8.874227,-23.85702,4
-0.86371255,-2.5936623,3
-22.3408,-3.1548324,1
-23.569004,-5.6711054,1
8.040568,-22.482056,4
8.369907,-24.997616,4
-3.7987611,23.061253,0
20.65231,7.507656,2
-5.2648473,22.741219,0
7.2531266,-24.441599,4
0.93515795,-1.5176278,3
1.6664134,-1.4293193,3
-24.445297,-3.447551,1
-6.0831213,24.108826,0
9.283724,-22.273447,4
-24.916853,-4.437188,1
5.7924147,-23.190338,4
1.8428001,-0.14933042,3
20.477175,8.367566,2
6.5301075,-23.271835,4
21.727722,9.380657,2
-6.702563,22.313354,0
-4.599077,22.923113,0
-1.2312886,-2.9319773,3
21.894278,7.8485284,2
-23.644533,-3.8066723,1
-5.230536,19.507204,0
6.789144,-24.411076,4
-6.4520235,22.25265,0
21.151836,5.6451144,2
-3.760785,23.05287,0
7.820374,-23.529785,4
1.0483794,-2.5501719,3
-24.722443,-2.9405837,1
-24.03932,-3.2201076,1
-3.3930829,21.204973,0
-24.156387,-5.4961514,1
-7.5486646,22.531717,0
-24.870752,-2.6923244,1
-24.758156,-6.087195,1
7.789146,-25.668179,4
-25.614916,-4.05719,1
-1.2343343,-1.6556722,3
-24.165901,-3.3675606,1
6.6919727,-22.006165,4
-6.646816,23.020706,0
21.807783,9.986461,2
21.023483,5.139818,2
-24.61316,-2.926619,1
-22.457956,-5.3240833,1
1.2294109,-2.8620954,3
7.3137684,-25.145868,4
1.1573441,-4.067901,3
-3.6211472,22.91782,0
-26.586973,-5.1185393,1
21.42478,7.5627503,2
-0.042305633,-2.3144507,3
8.250836,-23.484873,4
0.42852947,-0.40755814,3
9.0604515,-22.853687,4
20.760456,9.416667,2
-4.586042,21.57386,0
23.191422,8.051792,2
-6.038317,20.01731,0
-5.9843674,19.485975,0
19.264503,8.208834,2
-1.3292742,-3.4257767,3
-6.6471653,21.046257,0
22.345526,9.45086,2
19.657059,6.416968,2
-24.82763,-4.191678,1
8.875114,-25.603548,4
1.444102,-1.0158576,3
-25.566574,-4.8055086,1
-6.4067144,21.815575,0
1.3575395,-3.7549703,3
22.36435,7.86359,2
-7.012204,22.464884,0
-0.70133215,-2.5354338,3
22.771328,7.471606,2
24.175095,8.722716,2
21.117794,5.970744,2
-7.9338164,23.350784,0
0.842888,-0.46268985,3
-0.92208266,-4.1616397,3
8.886553,-25.115896,4
-23.140446,-5.003247,1
22.837181,9.266088,2
22.919992,8.895114,2
10.516933,-24.366968,4
1.285448,-3.003401,3
1.410107,-3.2892168,3
-24.812674,-2.494416,1
21.106604,6.7312245,2
-4.6107683,21.22705,0
-4.8240128,23.256166,0
-23.675797,-2.7369063,1
-0.47371897,-0.0049810414,3
-6.2452884,24.563448,0
-2.1818366,-1.780961,3
-6.0506225,24.514582,0
-0.79094803,-3.9287508,3
-0.28612506,-0.86259806,3
-23.556208,-4.7556143,1
21.121283,7.574123,2
-5.7724037,21.453325,0
-23.771442,-3.7118754,1
6.6835365,-22.908644,4
6.62497,-24.577644,4
-26.001596,-4.2718678,1
23.606304,7.6415124,2
1.0415789,-1.9087347,3
-25.743635,-4.2091618,1
-23.667566,-3.281129,1
-25.036407,-3.9867368,1
0.412045,-3.122504,3
0.23106483,-0.40450025,3
7.537361,-23.184412,4
-23.709621,-4.8137937,1
1.0878812,-3.055827,3
-6.229271,19.646214,0
-1.0227464,-0.61582893,3
0.74662673,-2.6462681,3
-1.0070214,-0.7540066,3
-3.5607352,20.878181,0
22.129658,6.921911,2
-5.8493714,22.046638,0
-0.55599016,-2.3087857,3
-6.010469,22.34094,0
-7.3821106,22.568583,0
-0.13196495,-2.6985211,3
-24.042427,-3.8161466,1
21.40228,8.456082,2
-24.976643,-4.6104813,1
-3.8481054,21.708965,0
-4.6318507,20.871708,0
-4.627193,23.294058,0
21.550554,8.400441,2
-23.26823,-5.2807446,1
1.005618,-2.9061916,3
6.9347086,-21.86223,4
19.880041,8.762611,2
19.6232,8.749686,2
-1.0048015,-1.8714727,3
-1.9865355,-2.6497114,3
20.399004,9.469447,2
5.691591,-23.288168,4
21.269222,9.459337,2
-26.52924,-3.6456153,1
1.0034379,-2.0176737,3
-2.030786,-1.75948,3
-2.0873306,-2.7016275,3
1.4461507,-1.3207176,3
8.471372,-22.989153,4
-0.4553198,-1.7023332,3
20.449404,7.935877,2
8.946952,-25.005222,4
-26.074558,-4.047775,1
20.658102,5.989385,2
-0.19145542,-4.1560354,3
-6.4610515,22.648724,0
-1.8010904,-1.5626757,3
21.804136,8.377304,2
9.009025,-23.514362,4
20.616367,8.498093,2
20.56966,6.745955,2
-5.7170568,23.099024,0
-24.637188,-1.021553,1
-5.5246897,21.10499,0
9.608197,-24.318932,4
8.904241,-24.275988,4
-3.4498212,20.90149,0
19.925053,6.386151,2
21.857979,9.009018,2
21.485884,7.758885,2
-23.801271,-6.0272684,1
19.877836,8.254598,2
21.75965,7.104692,2
9.397512,-23.637917,4
-25.082,-3.0657825,1
0.2436443,-0.91465,3
21.174753,7.2626886,2
-0.83754253,-3.4865758,3
0.6779857,-1.8137568,3
-6.948641,22.72067,0
-5.741142,23.454527,0
7.7136536,-25.372768,4
-24.057386,-4.7924356,1
-1.3427361,-4.4361396,3
-3.7444077,21.931408,0
-25.920216,-4.886869,1
6.407018,-22.12928,4
21.117086,9.274436,2
-6.7380843,21.151655,0
0.6904042,-0.5947797,3
23.65078,7.5199966,2
-0.26720318,-2.6332684,3
7.6384716,-25.872414,4
-0.19259639,-0.6120551,3
-5.147714,23.068018,0
6.5072765,-24.305319,4
-6.0246754,21.891195,0
-0.04145653,-2.6269722,3
22.64762,6.1515718,2
0.97292334,-0.6322844,3
8.732601,-24.819393,4
9.126613,-23.340742,4
23.27229,5.8998566,2
21.75415,9.6583805,2
21.385212,8.157214,2
-4.7524314,21.486311,0
-24.60196,-3.072721,1
21.670311,7.210206,2
0.48772046,-0.6028203,3
-23.581625,-5.140838,1
-4.453168,21.113424,0
21.13704,7.2265687,2
10.497198,-23.828053,4
0.06766292,-4.6309,3
24.049364,7.6465645,2
-7.1508336,22.486694,0
-25.544119,-3.038957,1
20.067596,6.448585,2
8.950067,-25.454199,4
-23.74906,-2.5301766,1
-0.111298,-1.2031752,3
-0.08705173,-0.77460283,3
-4.616336,21.19623,0
8.830745,-21.6879,4
-3.702712,22.047237,0
21.65841,5.7189584,2
-0.924774,-3.0382757,3
-0.18802193,-1.8602762,3
1.4496628,-1.4907185,3
21.623453,6.0731425,2
-1.295054,-1.7378721,3
8.722788,-22.472347,4
1.2111292,-2.0836558,3
-5.0255256,21.5393,0
22.554905,8.556159,2
8.835099,-23.188812,4
0.43888074,-2.3021631,3
21.391777,8.359696,2
6.758969,-23.742306,4
-23.45719,-3.7681572,1
-6.2108474,21.01761,0
-5.737106,23.404657,0
2.4747674,-1.1034894,3
-8.338809,22.860872,0
6.4549556,-24.933706,4
21.161648,6.6058097,2
6.5366087,-23.610785,4
-24.95912,-3.3817258,1
-23.292189,-4.614717,1
-5.7751575,21.628078,0
-7.6937447,22.930777,0
19.960138,8.943191,2
-24.863626,-3.3539321,1
6.509836,-25.163004,4
0.9462022,-4.4838986,3
-5.8301764,23.746946,0
20.955624,8.205052,2
-6.662502,22.201605,0
22.001095,8.427008,2
-5.898573,22.69318,0
0.52875197,-3.711281,3
8.709849,-22.487782,4
22.077457,7.2272196,2
7.602979,-23.131964,4
23.768963,9.175318,2
22.154688,6.8576326,2
-25.06696,-2.720699,1
22.34652,7.8013444,2
-24.203709,-5.2869434,1
22.417074,8.695884,2
5.802989,-24.17754,4
-25.332657,-1.5475488,1
-24.681738,-4.168421,1
-0.49847817,-4.282299,3
-24.805725,-5.492406,1
19.421875,6.800086,2
8.049234,-21.649857,4
-23.867083,-4.35526,1
8.975227,-23.081171,4
20.040243,6.1947026,2
0.6044659,-1.2017796,3
-24.857552,-4.113861,1
6.30621,-23.914637,4
-6.010013,21.707956,0
-8.001506,21.14811,0
20.105555,7.026647,2
-6.436227,20.54962,0
-5.7721386,24.063879,0
21.605312,6.599689,2
-26.819628,-2.8794866,1
-7.1121516,22.903002,0
0.96779555,-2.8200657,3
-5.890953,21.786839,0
-0.4718708,-2.614234,3
2.1285975,-2.016119,3
-4.2031484,22.841908,0
-5.5280156,20.966217,0
-26.10466,-2.297151,1
0.20166889,-4.0659747,3
-4.6514077,23.921606,0
8.868858,-23.925543,4
9.761214,-25.358837,4
-1.8672291,-1.2108548,3
-26.453175,-4.343953,1
0.29364914,-2.5578365,3
7.3783774,-23.892157,4
-24.765848,-3.1012316,1
-0.4145569,-3.1849408,3
-0.04227627,-4.6105814,3
23.394604,6.8142,2
23.77292,7.540292,2
-23.854933,-1.6411585,1
-8.234937,22.102367,0
-1.9493773,-0.4449626,3
8.24741,-22.059917,4
-24.600561,-4.0566163,1
-5.1857853,21.585924,0
-6.5982623,21.022802,0
21.45371,10.564389,2
9.37417,-22.238054,4
0.2254835,-2.8667521,3
21.288635,6.265513,2
21.948692,8.669235,2
-0.13997728,-3.9957001,3
21.11766,8.076477,2
21.327696,7.3810577,2
-7.4888053,21.59554,0
1.7930553,-2.8920288,3
20.505648,6.541606,2
-24.783215,-4.8642454,1
-0.4036457,-0.6085126,3
9.168197,-22.97497,4
23.259737,6.3805795,2
-5.9288564,22.460526,0
23.512648,7.506951,2
5.5711656,-22.47323,4
8.037201,-23.933147,4
-24.469421,-4.909826,1
21.00583,9.957913,2
21.041924,8.916934,2
7.047185,-22.073792,4
7.9483533,-22.495895,4
-0.22468768,-0.12051184,3
0.83707803,-4.136346,3
-5.64789,20.957438,0
-22.328903,-1.9819232,1
-22.943705,-5.4610868,1
1.7560104,-1.5705364,3
-5.8796725,20.237152,0
-6.374748,21.14999,0
-6.7587323,20.874119,0
9.661878,-25.219217,4
-24.553694,-5.9830623,1
1.2421013,-0.5112242,3
-25.239872,-4.132233,1
-25.3304,-6.229214,1
22.870598,5.567191,2
6.7105613,-23.172754,4
-5.2485876,23.639017,0
21.827127,8.077242,2
7.645526,-23.611961,4
1.773062,-1.8934828,3
0.10951761,-2.8196487,3
21.687883,8.72826,2
6.875046,-23.225746,4
-0.7830081,-3.9913032,3
-24.793375,-3.5435002,1
-4.907094,20.9455,0
-24.697704,-3.5847206,1
-5.0268908,21.57376,0
6.4022813,-23.727362,4
21.450567,9.787187,2
-6.0300927,20.757456,0
7.3418813,-23.097385,4
-24.838934,-1.8385214,1
-24.892824,-5.0463266,1
0.37556115,-1.1291075,3
21.167145,8.469148,2
8.83524,-24.754272,4
5.4073873,-23.85429,4
5.843477,-25.376812,4
1.7472798,-0.5886523,3
22.59677,6.78785,2
9.337577,-23.015444,4
21.886501,7.735108,2
-24.374022,-2.3791876,1
-6.444551,19.760082,0
7.5960956,-24.435705,4
20.866703,6.8132825,2
-7.9928603,21.990221,0
8.007589,-25.3566,4
-6.216192,23.077576,0
8.613761,-23.503145,4
10.323195,-24.396067,4
-23.236797,-1.7424403,1
-23.858982,-5.3520627,1
8.039021,-23.096191,4
-3.7945724,21.639673,0
20.919598,9.284381,2
22.877298,5.9743543,2
8.02803,-23.845186,4
-4.308675,21.746866,0
-7.035377,22.476572,0
-25.7112,-5.810448,1
-5.485109,22.948381,0
-0.81992364,-2.243517,3
23.782295,8.447479,2
-25.906616,-4.5459476,1
20.244844,8.323035,2
-0.95158106,-0.5747559,3
-22.930187,-3.0404973,1
8.960683,-23.756413,4
-1.1057286,-4.0392604,3
22.461788,8.405843,2
20.733767,9.140822,2
2.0613678,-1.5473075,3
-23.492237,-5.1563363,1
-5.299903,21.21628,0
10.051466,-23.087173,4
0.07611373,-1.475342,3
-24.36416,-4.4017673,1
-0.9198722,-0.89512414,3
1.4817096,-3.447546,3
7.290053,-23.875095,4
-23.983135,-4.882371,1
20.01693,5.941162,2
-6.3552165,23.347013,0
-5.7401032,22.286827,0
20.333862,7.945148,2
-7.802923,21.912088,0
-5.5977507,20.876385,0
0.09506897,-0.85606396,3
-24.472445,-2.7820928,1
7.8004913,-22.473347,4
-4.191766,21.283918,0
-4.647236,20.39153,0
21.610987,10.5308275,2
-26.28908,-3.0404928,1
22.556154,8.769017,2
-6.1118536,23.08173,0
-25.782793,-3.2295709,1
-7.0193567,23.767096,0
9.19696,-23.237942,4
7.3153996,-22.61679,4
21.850935,7.7588396,2
-7.349049,21.718237,0
-7.0140347,22.054201,0
9.885705,-23.04736,4
-24.350403,-4.3956714,1
-25.883894,-4.030757,1
7.87759,-22.075867,4
-4.915058,24.845417,0
-4.478775,23.411154,0
21.977331,9.243566,2
20.783026,8.345105,2
7.5252585,-24.690298,4
-5.018445,23.851831,0
-23.043983,-4.4986806,1
-6.6886163,24.219444,0
22.204306,7.0407653,2
-6.5126586,22.684673,0
23.173277,10.185977,2
-6.5675263,22.558455,0
5.6709213,-24.213167,4
-24.824888,-4.317217,1
0.44479996,-3.7961957,3
19.209457,8.036021,2
21.491125,9.9166355,2
22.397903,9.12107,2
-6.416621,22.171995,0
8.942004,-23.519651,4
-24.817661,-4.111435,1
-23.218065,-2.4619348,1
-22.432903,-2.1472116,1
21.071312,6.9474797,2
8.416991,-23.486664,4
6.065213,-22.44359,4
-26.864,-4.195508,1
0.5030388,-1.6459274,3
7.235831,-23.490004,4
1.2949071,-3.1358354,3
0.17852998,-3.5194187,3
-4.956523,21.919243,0
-0.0011928587,-2.4216554,3
-24.467188,-6.160534,1
-2.0128906,-0.70804846,3
20.823875,5.828911,2
10.344637,-24.351667,4
9.351142,-23.35514,4
-26.816483,-3.7136571,1
20.680529,9.447437,2
19.202744,8.199641,2
-26.42492,-4.5262976,1
6.4306145,-23.87314,4
-7.557417,20.385668,0
0.50672346,-3.0994883,3
22.340372,8.457336,2
8.381043,-25.338577,4
19.476345,8.540169,2
23.251259,7.376744,2
22.91789,7.752685,2
-6.592481,23.488373,0
-0.755805,-1.6259081,3
1.24922,0.067287475,3
0.25458565,-2.4565551,3
7.6501703,-22.844563,4
1.5714664,-3.7371016,3
6.597459,-24.756252,4
-5.357512,23.040848,0
-0.09774409,0.75915635,3
-0.024682013,-3.825709,3
19.777225,7.260519,2
9.196293,-23.534737,4
-6.562846,22.238077,0
0.28032142,-1.856333,3
-23.858606,-2.9291277,1
-25.670855,-2.5298753,1
8.2858,-23.866016,4
21.04322,9.45552,2
1.8408864,-1.008936,3
20.316582,6.9044538,2
-25.259604,-1.4587433,1
22.965641,8.099558,2
7.88126,-24.207544,4
1.2291095,-0.06279573,3
6.9951525,-22.303932,4
-22.76637,-2.6282363,1
7.645625,-24.225193,4
-22.707375,-2.5580294,1
-1.7088655,-2.1532304,3
-0.38574642,-0.4457402,3
-1.6760423,-1.6031064,3
1.6389366,-0.99541414,3
7.2309,-25.553408,4
-5.6473637,22.259476,0
-5.1972528,21.19865,0
7.7293363,-21.297161,4
8.022115,-22.943424,4
-0.5500881,-2.2374299,3
-22.003561,-5.056454,1
-23.602327,-6.29998,1
-23.335358,-3.4416676,1
0.24756822,-4.141845,3
-25.075367,-2.6982453,1
0.34728375,-0.84645706,3
0.44159472,-1.9452087,3
1.3136116,-1.5585792,3
-6.635673,20.9275,0
6.1994596,-23.31994,4
-0.8869241,-2.0459766,3
-5.9294014,21.413351,0
7.451989,-24.5518,4
-0.0033166956,-3.200755,3
-6.3141117,23.198181,0
7.353958,-21.841482,4
2.0674682,-2.073109,3
0.68819773,0.19368517,3
22.400148,8.101804,2
-24.19613,-4.173666,1
-23.828075,-3.839086,1
21.59538,8.260974,2
1.5264986,-1.0446038,3
-4.39507,20.158209,0
7.4369025,-24.59617,4
-23.074018,-3.9492881,1
-4.027405,24.174913,0
-22.512505,-3.8464205,1
-0.6267238,-4.228533,3
9.685795,-25.4388,4
6.241852,-23.90716,4
-5.405814,20.90151,0
-6.552601,20.013023,0
-23.657104,-3.8948035,1
-23.441822,-3.7757075,1
20.604792,9.411939,2
22.816866,8.699114,2
20.692104,7.691083,2
19.517458,9.216801,2
8.601865,-23.448105,4
20.465807,8.09311,2
21.990395,10.578639,2
7.1635284,-23.652306,4
-23.922287,-3.678531,1
1.9256723,-3.0166605,3
21.586027,9.908978,2
21.596395,7.9249625,2
7.7040844,-21.103668,4
-23.922604,-2.0806508,1
8.403544,-24.991138,4
0.8809621,-3.0066261,3
6.371929,-22.560215,4
-24.374146,-3.6817837,1
-25.692196,-5.649228,1
-4.916151,22.25466,0
-6.872103,22.915894,0
-7.735788,20.934855,0
2.4401858,-2.6076028,3
-5.0827427,21.508888,0
7.6162663,-25.020391,4
-5.532748,23.373669,0
22.018497,7.83311,2
21.139832,9.329263,2
8.120465,-24.07676,4
-23.397781,-3.655717,1
-25.50527,-5.8721147,1
-0.5497991,-3.4460232,3
-24.4613,-3.991979,1
-3.8023791,22.622292,0
20.824196,9.092178,2
-0.724103,-2.3454666,3
-23.665346,-5.6543283,1
8.589804,-23.386864,4
7.717612,-25.01966,4
-4.8008657,20.2281,0
22.187387,8.160003,2
-24.502262,-3.2058551,1
21.402563,7.8635755,2
6.886119,-22.567257,4
8.598276,-25.4938,4
7.4708424,-22.829151,4
22.802053,6.835457,2
8.243008,-21.594244,4
6.531387,-23.782312,4
7.1772118,-24.981565,4
2.3382533,-0.9633682,3
6.6597,-23.363789,4
19.712854,6.7138953,2
-0.2124008,-4.1839614,3
1.8089647,-1.2533935,3
6.844588,-24.715391,4
-5.8797817,22.879763,0
8.372547,-24.27333,4
-23.71931,-5.651797,1
-5.670867,20.774435,0
9.7849865,-23.671274,4
6.4254985,-23.627914,4
-5.9766936,20.29325,0
-23.06359,-2.4733794,1
1.970324,-2.9804106,3
7.1487513,-25.44257,4
22.216854,7.9697847,2
19.133135,7.8172603,2
-3.9345617,21.856426,0
-23.856714,-4.3693376,1
-23.784647,-4.2547946,1
-26.478468,-5.3240824,1
7.4258494,-25.255693,4
20.487188,9.217859,2
-0.09463161,-1.9320654,3
19.87032,6.6304207,2
0.7887154,-1.177757,3
-24.659615,-3.3432555,1
-25.936947,-3.3539371,1
-4.4601912,20.157812,0
-4.547166,23.40643,0
5.7656865,-24.772232,4
-4.7072263,20.749414,0
-26.232096,-3.3540723,1
2.2675023,-3.543744,3
0.6336133,-2.4677835,3
-23.796791,-4.697244,1
-4.8405323,21.87178,0
20.696547,8.922875,2
-0.7680634,-2.2645354,3
6.994284,-24.505812,4
6.509522,-24.632723,4
-0.1005954,-1.4562213,3
20.532478,7.8718653,2
22.450798,7.931304,2
-26.580196,-3.5037282,1
-4.2484493,21.676636,0
7.9644537,-22.55729,4
-1.6770242,-0.40341622,3
0.108004995,-1.4609135,3
-1.384449,-1.6537188,3
-6.5698485,21.328007,0
9.346361,-21.427982,4
2.1317186,-1.966573,3
-5.5872803,21.755655,0
9.384914,-24.743954,4
-0.10312097,-0.8857497,3
9.198535,-25.010647,4
-25.46811,-3.4158876,1
21.61862,8.6051855,2
22.792028,8.228961,2
-24.527514,-2.8713226,1
-6.220449,23.781654,0
-25.058817,-5.285495,1
0.42863894,-1.2180882,3
-6.6551275,20.758827,0
8.613321,-24.43041,4
-2.279016,-1.15082,3
-6.395367,22.840528,0
-0.75130117,-2.9503682,3
-3.71859,21.123753,0
-0.07240433,-1.9055151,3
7.6628714,-22.545357,4
-0.15860134,-1.7547654,3
-5.615218,23.52956,0
-0.76830506,-2.0821934,3
-0.4566058,-0.6763343,3
21.358044,7.578823,2
-5.0899706,23.013226,0
-6.604244,22.852442,0
6.753451,-23.11097,4
6.543468,-21.580011,4
20.999062,5.881331,2
8.272103,-23.445704,4
6.577596,-24.645786,4
22.761303,7.364617,2
6.884544,-24.454145,4
21.858238,9.463205,2
-6.9977927,24.12176,0
9.233932,-24.121529,4
-1.5516921,-0.806679,3
-4.095391,20.99415,0
8.521042,-24.617193,4
21.448051,7.4913154,2
-23.472965,-3.9430313,1
21.487394,8.612239,2
21.262722,7.90487,2
10.257914,-23.782272,4
8.534181,-23.869167,4
7.840521,-26.256895,4
-5.321245,22.044373,0
8.038951,-22.045296,4
-7.029856,21.303514,0
-6.4593496,21.602081,0
-24.806456,-6.042461,1
21.539284,9.751717,2
7.564278,-24.8432,4
21.175898,8.43946,2
-5.19775,20.873762,0
1.5373234,-2.3711083,3
-1.0288057,0.61859244,3
-3.461098,21.545284,0
24.129084,6.543479,2
-2.120825,-2.0228248,3
-6.6690297,24.097683,0
22.400879,7.5569596,2
21.95391,7.1457834,2
-4.889118,22.332752,0
8.235202,-21.714617,4
-3.4264693,22.035137,0
-24.325695,-4.4859996,1
2.1876905,-1.5975755,3
6.8644705,-22.821495,4
0.2031081,-0.7430603,3
-23.762648,-4.7773194,1
-0.27093977,-0.8618729,3
21.636497,8.223887,2
-0.27774963,-1.6454332,3
22.218409,6.9463997,2
-7.0793695,20.576069,0
-24.036768,-4.1980014,1
21.043402,10.39515,2
21.540377,7.938096,2
-6.8519554,23.873333,0
19.335588,7.473966,2
7.58078,-24.26162,4
7.3985553,-24.353228,4
6.3039994,-25.414024,4
7.4824486,-21.345036,4
-6.185402,22.211285,0
-22.766937,-3.8455303,1
-6.8601904,21.641523,0
20.910248,6.9398556,2
22.418901,6.4645267,2
-3.6710134,20.502579,0
-5.354243,21.94574,0
8.702035,-21.571217,4
21.897291,7.4900017,2
-1.5169007,-2.1115952,3
6.4490743,-25.366472,4
-25.00634,-4.342818,1
-22.105713,-4.2587457,1
22.312778,9.980008,2
-24.455181,-4.095066,1
22.277475,8.373804,2
7.496875,-22.180208,4
23.922314,7.7197113,2
-24.932798,-3.533236,1
-3.7669268,22.772991,0
8.467742,-23.189379,4
-4.908058,20.731934,0
6.712032,-24.33774,4
1.210771,-1.8632303,3
-7.1230555,22.541779,0
8.106967,-25.806118,4
-25.922047,-4.089192,1
9.979707,-24.289972,4
1.532984,-2.0374608,3
-4.7170424,24.113476,0
-5.7300243,21.969488,0
0.740132,-1.7160604,3
0.13598864,-3.5347018,3
-4.581148,21.362978,0
9.14483,-25.333256,4
23.158014,6.444179,2
-5.9991336,21.354717,0
8.245899,-23.15516,4
-23.358017,-4.960967,1
7.427855,-25.101309,4
-22.328976,-4.772574,1
8.014902,-24.34981,4
22.41875,5.876679,2
8.666694,-26.365097,4
-2.9081056,22.343903,0
8.380283,-23.918686,4
7.004969,-24.84994,4
21.32153,7.260351,2
-23.506462,-4.4045424,1
-25.761131,-1.7539213,1
7.196999,-21.209894,4
22.012716,7.544832,2
19.907608,7.872028,2
24.361927,7.658486,2
21.932325,6.140136,2
22.360199,9.200956,2
8.547304,-22.766788,4
-25.0877,-3.425923,1
-23.1341,-3.5732162,1
7.631923,-24.389086,4
-22.591259,-4.8864517,1
-0.8357867,-2.2445285,3
-4.2751336,20.684156,0
8.04579,-26.060352,4
6.8692555,-23.135271,4
-0.26428145,-0.2639744,3
10.324758,-22.9397,4
-24.033262,-3.7840464,1
-0.037670307,-1.7395313,3
-6.0498896,19.639448,0
-5.2999954,21.001019,0
-1.4814413,-4.2576723,3
21.67815,7.20979,2
-23.013899,-2.89623,1
-5.65642,21.506622,0
-22.771988,-2.54025,1
-26.155293,-5.383872,1
-0.26113763,-1.1940533,3
-3.312281,21.759485,0
1.2972721,-2.3208208,3
20.597504,7.466839,2
9.42339,-23.76209,4
23.014555,5.8464704,2
-24.460278,-2.2715619,1
-0.9011365,-2.9814558,3
-5.118396,22.86593,0
-23.62519,-3.3887148,1
22.735224,6.7699523,2
-5.084876,21.341251,0
-1.2310101,-2.9548209,3
-23.945456,-2.2279615,1
8.524244,-24.560106,4
-5.836689,21.849438,0
-24.182322,-3.0308325,1
22.86648,6.7575173,2
-25.206848,-3.286134,1
5.927036,-23.245575,4
-5.1648803,22.325104,0
-1.5183737,-1.4301196,3
0.22756758,-2.4176972,3
-2.451083,-2.040518,3
2.3667483,-3.0706775,3
-0.401509,-1.6513443,3
9.016214,-24.182842,4
-7.5161233,22.959333,0
0.42394328,-1.9104267,3
-7.285499,22.128912,0
22.135668,7.586913,2
-6.5254283,24.621391,0
-5.1083255,23.317453,0
23.095549,9.688007,2
7.3651257,-23.280243,4
-0.6711737,-3.3463614,3
0.29277298,-1.1486899,3
-23.900082,-2.7255483,1
-5.9980707,20.862831,0
8.947669,-23.722887,4
-1.5586243,-0.8765082,3
-4.7449884,21.759115,0
-6.901224,20.108688,0
-5.37772,23.332808,0
19.52352,6.5964336,2
7.34008,-24.34399,4
-25.006344,-4.114534,1
6.395401,-21.434874,4
19.083195,7.1445127,2
-6.400887,21.951378,0
8.055067,-24.954403,4
0.46667922,-0.22806281,3
9.27682,-23.836521,4
-3.9258883,20.48593,0
-24.054344,-5.43051,1
-2.2252502,-1.9632847,3
-23.148745,-3.174358,1
-26.449265,-5.1540723,1
-24.048506,-1.4314301,1
8.263142,-23.35653,4
10.320038,-23.022478,4
-5.315684,21.658335,0
6.4581165,-21.550562,4
-24.781034,-2.3874528,1
-4.4755316,22.650114,0
7.5833206,-22.688356,4
8.335192,-21.224207,4
7.842501,-22.913635,4
-22.996067,-5.8378787,1
9.688203,-22.762518,4
-4.3259134,22.928661,0
-24.428267,-4.9921565,1
1.2571806,-2.1670842,3
8.661113,-23.055387,4
0.7878555,-0.590101,3
0.13002163,-4.816702,3
-0.7390142,-3.576502,3
23.49817,7.6123347,2
20.971779,9.97955,2
-0.66859597,-1.0143981,3
10.119884,-24.150774,4
6.334899,-24.745562,4
21.277178,9.901955,2
-3.7338395,21.82895,0
21.096357,8.312844,2
22.485807,6.518703,2
0.10717467,-2.3579407,3
-4.15,22.818748,0
21.359507,8.269886,2
21.715551,6.739113,2
-23.032417,-4.4294915,1
1.9152572,-2.252723,3
22.87892,8.621208,2
22.107939,10.308179,2
-22.767447,-3.9919343,1
8.360801,-22.889643,4
-1.8387876,-3.6651785,3
-6.5199127,21.965448,0
21.099957,6.527373,2
21.489742,6.3957133,2
-23.717844,-2.249386,1
-4.563587,21.90612,0
-24.26131,-1.621686,1
20.654266,8.640462,2
-7.9032526,21.516346,0
23.702715,8.851489,2
22.339209,5.2403,2
1.941556,-2.5628128,3
21.75265,7.759293,2
22.177599,6.9087205,2
-24.486467,-1.2316455,1
2.4968271,-0.69026124,3
23.466106,6.308069,2
21.90608,7.0243974,2
-0.5150748,-1.4696864,3
-25.79592,-4.683889,1
-7.6870284,21.243292,0
20.737133,7.9787846,2
-23.855108,-5.3459682,1
-3.5862255,20.5937,0
-4.661115,20.975878,0
7.9993863,-21.202965,4
-24.833506,-4.350003,1
-0.7448359,-1.6446934,3
22.137987,8.402083,2
-24.187693,-4.251326,1
9.358807,-22.181517,4
-25.400183,-2.7619426,1
21.707102,7.198408,2
22.51863,7.754552,2
-1.3327472,-0.27562582,3
-2.225808,-1.8573645,3
-24.48378,-2.1875212,1
-23.401787,-3.327591,1
6.7131443,-23.24105,4
8.012966,-23.828827,4
22.611486,9.033207,2
-0.588283,-2.6146743,3
1.0291005,-0.103064604,3
20.50475,6.2155704,2
-1.768926,-2.6554325,3
-6.9422035,22.991129,0
9.354121,-23.470097,4
-3.8343651,20.290789,0
1.0125318,-2.4739535,3
8.247155,-22.11757,4
21.155367,9.849429,2
20.240713,5.5437155,2
8.148563,-22.910276,4
23.034885,8.561794,2
7.531353,-22.597672,4
20.918037,7.834168,2
-23.595465,-4.0512986,1
21.01368,8.309389,2
21.457396,7.015688,2
21.66515,8.2129,2
22.410606,6.85292,2
-24.509663,-1.2149686,1
-23.37607,-4.7292,1
5.610024,-24.086723,4
22.128042,5.499966,2
22.145216,9.921362,2
8.887414,-22.49161,4
-4.646204,22.698866,0
20.223045,5.8560147,2
-0.40754443,-3.0224526,3
-24.247448,-3.4569373,1
-2.1574745,-0.9308462,3
-25.413233,-2.4302382,1
-23.109291,-1.762953,1
-6.8053083,22.368076,0
-7.0739408,21.15964,0
0.7415838,-2.7702463,3
8.598029,-21.074203,4
-23.196848,-4.41332,1
6.474814,-26.123615,4
21.48885,6.5604825,2
-5.4575887,22.35713,0
-5.0716453,21.299297,0
8.236763,-25.134375,4
-21.963161,-4.12783,1
24.075117,8.437565,2
-24.32798,-3.3379662,1
1.0518767,-2.041196,3
-3.5440543,22.718071,0
-24.239872,-4.07909,1
-5.5650735,22.1235,0
-5.784766,22.728691,0
-0.7400458,-3.2395,3
-24.790558,-1.2739705,1
9.017937,-23.02242,4
-4.7665377,23.303543,0
21.72546,8.503558,2
-24.704062,-2.0651755,1
21.841589,8.772285,2
-24.230923,-5.959331,1
20.819254,7.186271,2
0.03980212,-3.0654957,3
21.349535,6.076101,2
-23.666367,-3.3399682,1
-25.466646,-4.631582,1
-24.406403,-3.56924,1
-5.6859527,24.597551,0
5.515203,-22.924185,4
-1.6652086,-0.53171307,3
0.38784215,-0.60484064,3
-23.983248,-2.3683646,1
23.02975,7.497309,2
-3.4954596,20.842041,0
22.436476,5.6399283,2
-22.632864,-4.1387253,1
-7.801596,22.87041,0
7.4288974,-24.43887,4
-24.585987,-4.4427958,1
-5.383778,22.465843,0
-24.224987,-3.9661455,1
7.778104,-23.799757,4
22.351917,6.3860474,2
20.082754,7.196613,2
-5.2517576,23.032349,0
23.88076,8.709527,2
-24.474264,-2.6362796,1
23.423727,9.333565,2
9.368627,-23.96044,4
7.47454,-23.323929,4
7.085806,-22.810354,4
-23.942158,-3.6783876,1
-22.418188,-3.2930589,1
21.031288,7.0801296,2
1.5825266,-0.05268422,3
10.242942,-24.136457,4
-23.048182,-2.428554,1
23.09754,5.913546,2
-5.542392,23.137064,0
22.99822,7.5299864,2
-6.0273824,22.41988,0
0.35369086,-2.1354918,3
0.0019584745,-2.093292,3
-0.30193418,-4.510451,3
21.682598,9.866623,2
-0.07241551,-2.6741161,3
-23.48985,-1.2982104,1
-6.642848,23.573582,0
-22.725918,-4.298714,1
-24.55996,-3.2546818,1
19.727896,7.5588756,2
-0.40169674,-2.3517253,3
0.4091418,-2.2120597,3
9.666434,-24.501936,4
-22.083817,-4.11561,1
7.7732463,-22.207207,4
-4.6653533,20.97232,0
1.9480186,-2.2689915,3
-3.9935389,20.383686,0
1.4074517,-1.0422734,3
20.304203,8.01553,2
7.40377,-24.350782,4
21.595665,8.247556,2
8.120577,-25.97435,4
6.4186826,-22.555593,4
1.444792,-0.9432443,3
0.32411444,-3.9257474,3
-0.056933314,0.48294225,3
-3.4405816,22.256933,0
-4.950945,22.254568,0
9.192201,-22.013523,4
22.632494,6.9569197,2
2.506916,-1.9730698,3
9.355843,-23.970854,4
-2.4347925,-2.6797347,3
-25.212147,-3.3352883,1
22.780088,9.031411,2
-6.3033614,23.029291,0
8.24998,-25.473085,4
6.2013435,-21.79422,4
2.5900848,-1.2791631,3
6.6558323,-23.732304,4
7.877507,-24.10165,4
20.865894,7.0272675,2
7.9825,-22.492111,4
-0.22364585,0.19366218,3
23.026638,7.3121014,2
7.444192,-23.876265,4
-4.9787574,23.59248,0
7.674923,-23.604767,4
21.326523,7.654328,2
-8.219581,21.228264,0
9.59852,-23.855299,4
21.024895,6.657651,2
-5.250332,20.47006,0
-23.535728,-1.1392633,1
0.54307604,-1.5414184,3
22.799114,9.654431,2
7.95023,-22.566324,4
-4.959463,22.248154,0
-26.625576,-4.26429,1
-1.4745798,-2.087607,3
-2.4159646,-0.7796096,3
-23.656183,-3.501328,1
0.43539867,-3.0102026,3
19.803139,9.205179,2
21.838331,6.0064926,2
7.006674,-23.796194,4
-0.9120178,-1.9664673,3
-0.22857983,0.19899121,3
19.332188,9.255082,2
-26.7014,-4.179411,1
7.827752,-24.470396,4
23.650135,6.8793607,2
-25.532742,-4.7753787,1
-23.749237,-5.222556,1
0.33756685,-0.57678396,3
-6.820714,22.698452,0
-0.7608515,-2.2303948,3
9.709142,-24.758303,4
21.25661,10.170576,2
9.970846,-22.521584,4
22.160742,8.137129,2
7.721988,-23.920465,4
-0.5583025,-0.03144988,3
22.00688,6.861391,2
-5.3051496,23.1943,0
0.24652119,-0.14285898,3
-7.2078123,21.528313,0
-5.673602,23.502853,0
20.719648,7.743276,2
2.747784,-2.8260407,3
-23.4477,-4.404273,1
-5.87858,19.704231,0
21.939592,7.498651,2
0.14915298,-2.2009296,3
-23.93579,-2.8306012,1
-22.167952,-4.230378,1
20.68803,7.2540674,2
8.334607,-25.022095,4
8.639642,-24.614075,4
-23.65589,-5.4084454,1
22.046478,5.719494,2
-25.330582,-4.035558,1
6.866449,-22.760782,4
22.459213,8.952306,2
-27.096334,-4.0664988,1
8.013093,-22.911732,4
8.78331,-22.835918,4
0.010599717,-0.5942143,3
-26.069963,-4.806909,1
21.959337,8.383109,2
-5.471959,21.548893,0
-6.836316,21.037388,0
-0.9569742,-0.91719544,3
21.52838,8.77304,2
-1.5360461,-2.7112684,3
-6.6521935,20.979229,0
21.303514,9.770127,2
1.729567,-3.0866723,3
-22.298824,-4.3345504,1
7.8359365,-24.66702,4
6.682632,-23.742912,4
22.743795,7.6367836,2
-6.3282647,21.15307,0
7.6330123,-23.22494,4
8.985711,-21.358652,4
-6.148448,24.503832,0
-6.567017,19.820066,0
7.0880947,-23.418806,4
19.941433,5.780885,2
2.0867114,-0.6425482,3
23.504362,8.873612,2
2.1803453,-3.4303856,3
-23.136816,-2.0638797,1
21.269491,8.181415,2
0.35754606,-1.6267802,3
-23.165836,-4.268281,1
-6.131493,22.081694,0
-5.350549,24.076363,0
23.350775,6.781105,2
7.0261445,-25.072584,4
7.074867,-22.315262,4
-25.20595,-4.355482,1
-5.699528,20.346193,0
0.11398536,-1.6780537,3
-4.9495206,21.81765,0
20.061197,9.573335,2
7.4374475,-24.900343,4
-25.466799,-4.830851,1
0.90461296,-3.2402601,3
0.01042352,-1.2282864,3
6.708091,-24.265182,4
-25.962612,-3.5355787,1
-7.395884,21.851175,0
6.7452936,-24.600252,4
1.3446323,-3.073341,3
-4.8072953,21.546076,0
-0.7671933,-0.9306528,3
22.746187,6.140698,2
-0.14679757,-2.0474613,3
-25.204779,-4.409403,1
-23.186178,-3.2501445,1
7.1122646,-23.8233,4
-5.1357493,23.038109,0
9.261782,-22.058842,4
22.68085,7.821579,2
-24.809153,-3.3608532,1
0.61250687,-2.0627255,3
0.31613,-1.334649,3
7.779478,-23.414484,4
-24.855358,-4.5520287,1
22.959572,8.672319,2
-6.333795,21.560768,0
22.223705,6.948472,2
8.756372,-22.477192,4
-2.088107,-2.5130475,3
23.02592,6.886823,2
22.498999,8.6519985,2
-23.513762,-4.0120316,1
-5.4126368,22.38108,0
-24.527182,-2.6501849,1
-1.25075,-3.2624555,3
20.515217,7.3103027,2
23.237827,8.084515,2
-6.2516036,20.96363,0
23.678083,6.4855514,2
8.479697,-23.752218,4
-24.493,-4.760481,1
7.684573,-24.227394,4
21.073898,8.003405,2
-6.83097,20.891632,0
-6.2518916,21.121561,0
-23.461332,-1.9930003,1
-6.5901446,22.69096,0
-4.7746215,22.907652,0
-7.34668,21.380035,0
-0.2712502,-0.7222098,3
22.445026,9.600988,2
-22.486214,-2.574058,1
21.804735,7.6872344,2
23.325077,8.29882,2
21.226208,9.336183,2
-0.85559285,0.22523767,3
7.2004557,-25.086561,4
6.4507504,-22.436953,4
-6.9340134,20.348154,0
6.892367,-21.598969,4
23.752245,6.512773,2
-24.886765,-2.7571008,1
8.578467,-24.76734,4
20.8106,6.690342,2
19.51829,7.3439445,2
-4.0233345,21.486912,0
-25.43604,-3.551828,1
-25.452076,-5.098008,1
22.714132,9.355473,2
0.48788393,-0.98719054,3
-22.768427,-1.6886295,1
1.3631775,-3.2722058,3
21.164454,7.973766,2
-8.013893,22.140068,0
-25.109838,-4.4714575,1
-1.7539186,-2.7083378,3
-6.159332,22.937574,0
-23.979008,-1.445991,1
0.33029747,-2.2943075,3
1.6329707,-0.98925185,3
-5.2151685,24.363766,0
-3.6208956,20.931261,0
-5.984118,22.181892,0
-5.3483005,23.886885,0
8.316628,-24.456083,4
6.7486143,-22.37371,4
0.5234153,-2.8119652,3
6.6733828,-25.274889,4
23.414457,7.5645494,2
21.536676,7.330984,2
-1.5776815,-3.793664,3
-5.8136973,21.0848,0
-5.0745134,22.54226,0
-5.64988,23.538149,0
19.883198,9.042799,2
8.65347,-23.676184,4
-26.117235,-2.1747913,1
22.749369,6.246049,2
1.9381816,-3.0923493,3
-0.5548472,-0.7324576,3
-22.859442,-2.0191376,1
-5.886664,22.307194,0
-5.6585135,24.292686,0
-25.577219,-3.0959058,1
-5.3219905,21.704483,0
-25.005308,-3.8384817,1
9.312999,-22.241554,4
-7.1470513,21.210176,0
-25.107838,-1.2584802,1
-23.507893,-4.3221536,1
-4.563857,22.421104,0
23.025875,8.512129,2
20.459303,5.869093,2
6.760708,-22.004358,4
9.830325,-23.957237,4
20.897266,7.4465933,2
-5.7716823,20.48689,0
-24.684805,-4.172949,1
-22.980572,-4.027145,1
-6.4739184,22.7077,0
-24.753525,-3.6169543,1
-24.61587,-3.484799,1
24.2984,8.10667,2
-7.490138,24.134718,0
-0.35166705,-3.601002,3
-6.2920375,22.341515,0
22.701923,8.846227,2
1.1517093,-0.9450105,3
-24.752869,-5.3616047,1
5.4939427,-22.086008,4
10.041172,-22.926882,4
-0.16514468,-0.12127703,3
-23.093594,-3.5320961,1
1.4808853,-1.5848905,3
-25.29576,-3.0614727,1
-5.851468,21.372364,0
22.679693,8.09238,2
21.866892,7.6640496,2
-26.686054,-3.252928,1
-7.3281436,22.724361,0
0.2580155,-2.380638,3
0.45779148,0.21750703,3
-5.040751,24.632763,0
21.542452,7.385288,2
21.02891,7.5424137,2
21.359467,5.215446,2
7.6492925,-23.30407,4
20.41978,7.243787,2
8.6619835,-24.660458,4
-3.948988,20.722229,0
2.0609658,-2.4901087,3
-8.368641,22.717594,0
-25.35896,-5.455013,1
7.6294737,-24.633814,4
22.002304,8.586622,2
-25.148512,-3.6049378,1
-7.552064,22.14708,0
-25.674677,-5.6241403,1
7.8352423,-22.44608,4
-4.3579464,22.153206,0
-1.4783174,-1.7360905,3
-25.750435,-4.9083877,1
24.024942,7.338457,2
-0.20734693,-3.9679859,3
6.521962,-23.535461,4
22.551456,10.6022415,2
-25.640234,-4.9323435,1
-5.828616,22.808245,0
-3.886606,21.44799,0
-25.206041,-1.8938161,1
-3.5016963,22.905605,0
20.560135,8.876421,2
-6.077847,22.528513,0
6.5907297,-24.90964,4
-4.277232,20.222477,0
-23.37878,-4.452999,1
19.983023,8.82051,2
22.312195,8.811393,2
7.695782,-21.79027,4
22.35545,9.165649,2
-22.919909,-3.1061738,1
1.9787561,-2.021173,3
-25.897799,-2.9515336,1
6.5980606,-23.131641,4
-5.7931857,22.754204,0
6.5419326,-23.564756,4
19.858603,8.173761,2
-5.0864882,22.105503,0
-5.8972487,23.78418,0
0.09712081,-1.9477887,3
20.810738,8.206326,2
-4.8003273,21.847088,0
7.0414968,-23.997902,4
-6.1380525,22.358492,0
-25.89762,-4.602907,1
1.4326196,-0.8650018,3
22.978073,8.639268,2
-7.392986,21.758667,0
7.608529,-21.56552,4
-22.860535,-5.669124,1
-5.9209347,21.5346,0
-6.727075,23.036957,0
0.16480361,-2.5630198,3
-24.19592,-4.0376334,1
21.901999,5.3124814,2
-26.764639,-3.19204,1
-1.4968287,-1.8680407,3
-24.127449,-4.1949344,1
7.9857492,-24.018414,4
20.766914,7.6184034,2
7.2316494,-24.249073,4
-25.843649,-2.625394,1
21.700258,9.747125,2
-24.351334,-6.2675557,1
-4.700573,20.193314,0
-3.4338517,20.804268,0
9.875334,-24.785711,4
-25.68583,-4.7379103,1
-4.3493457,21.400072,0
-7.4464974,24.205353,0
-5.022421,19.678036,0
8.027019,-23.766962,4
8.258893,-24.594908,4
-22.592138,-3.7917395,1
-6.209327,22.294794,0
-3.6817658,22.59306,0
-23.846472,-2.4641376,1
1.0289744,-2.8032317,3
21.109793,9.013134,2
7.5356283,-24.862415,4
-23.171667,-4.249652,1
-5.305984,22.187408,0
-6.194509,21.264357,0
0.064566806,-1.1045932,3
2.1792097,-3.392568,3
8.243286,-22.862627,4
-0.62729347,-1.611834,3
-25.063854,-4.5337086,1
9.364556,-23.833393,4
-23.797695,-2.285284,1
-1.318588,-1.0604686,3
-25.133158,-3.4015236,1
-25.89302,-2.857608,1
2.6547449,-2.3001008,3
7.8169136,-23.120426,4
6.6740856,-25.144844,4
7.778411,-22.608335,4
-5.4416466,23.232159,0
-24.225857,-4.2800937,1
22.567478,9.450113,2
-23.644182,-2.642992,1
6.381997,-24.357258,4
8.866599,-22.100527,4
21.691,7.662874,2
9.081566,-22.315119,4
-24.052622,-5.0068374,1
-6.4996467,23.115335,0
-22.443077,-4.067922,1
-6.8294134,21.849989,0
-26.003126,-3.746393,1
-4.7770095,23.181768,0
0.1882404,-2.5314791,3
-6.5626974,20.860876,0
-24.880144,-4.6489687,1
22.55,10.309273,2
-21.758976,-4.506102,1
-5.28367,22.828596,0
8.628807,-22.979141,4
21.772676,6.7699766,2
-0.5520112,0.023315743,3
7.7178535,-25.75996,4
9.700375,-23.409636,4
-26.790514,-2.4010804,1
8.291745,-23.875751,4
21.990479,7.603538,2
-5.6181316,23.675835,0
-23.025808,-3.7645733,1
-1.1227645,-1.1791333,3
8.908132,-21.595814,4
-24.575455,-3.8237438,1
-6.269166,23.590546,0
-5.3866024,22.71576,0
-7.059627,21.8363,0
-26.026606,-3.8310177,1
19.545446,6.9380774,2
1.4417152,-3.886285,3
7.0632105,-22.972843,4
-25.032192,-2.8480935,1
21.627672,8.853562,2
-22.301281,-1.9589574,1
-1.8807981,-2.1854842,3
0.58642125,-0.21931674,3
-5.094702,22.551743,0
-4.879667,22.089088,0
21.547731,6.385373,2
0.2305832,-0.4204165,3
21.982782,7.139208,2
-1.0359012,-2.2684932,3
7.452476,-23.658463,4
20.595531,7.957637,2
22.26605,6.943742,2
-0.8349389,-3.1753192,3
8.584954,-24.793198,4
8.988892,-23.814966,4
5.414282,-24.050406,4
2.3314383,-0.9509161,3
9.743523,-24.102703,4
-0.57752067,-4.0129533,3
-0.13364144,-1.2446826,3
-6.046108,22.37755,0
2.800664,-2.091159,3
-23.908957,-3.295576,1
-1.3950206,-2.076601,3
-7.385453,22.356316,0
-1.1094463,0.24695548,3
1.249811,-2.76924,3
-6.3113723,23.127676,0
22.330706,7.336885,2
7.1255245,-23.836353,4
-25.69106,-2.0563073,1
21.588867,9.092871,2
5.577618,-24.4222,4
6.4211965,-23.562933,4
-6.8920565,20.744684,0
1.0241343,-2.5324447,3
6.174684,-25.96988,4
-25.186512,-5.1691113,1
-0.9748787,-0.7847518,3
9.287454,-22.857227,4
1.5487998,-1.729066,3
8.001346,-24.057472,4
-22.37837,-3.7143219,1
-24.931417,-2.8679295,1
20.405191,8.541754,2
20.310934,9.098911,2
8.476289,-22.215027,4
20.415752,7.606206,2
9.673516,-23.91111,4
-21.924627,-4.3736033,1
7.8900847,-22.143051,4
-6.4075065,24.023045,0
-21.78669,-3.6067672,1
1.2919642,-3.1474285,3
-24.336042,-5.0023675,1
-5.777027,21.034029,0
22.887838,6.030335,2
5.6470723,-23.914011,4
-6.4601474,21.489374,0
0.14972228,0.49551114,3
22.197523,7.192343,2
-7.6225524,20.908321,0
6.769228,-21.747519,4
-3.46503,23.548199,0
5.837684,-24.239779,4
-0.27995235,-2.0858483,3
20.779709,8.582537,2
21.214968,10.305187,2
6.6986785,-25.97801,4
-23.166092,-3.208826,1
-0.6942072,-2.17282,3
22.75856,9.554877,2
20.97806,8.406682,2
0.51991385,-2.7748432,3
-24.606434,-1.9476221,1
-23.840698,-1.9117384,1
0.8760772,-3.060816,3
-6.5752344,23.626545,0
-7.2850823,20.572378,0
-5.545979,22.335215,0
-1.2304657,-2.6295664,3
8.276352,-24.197723,4
8.711799,-22.149717,4
8.531731,-23.75722,4
-24.618692,-3.7755516,1
-24.95845,-2.5236154,1
9.618174,-24.25596,4
-23.60169,-3.8153322,1
-25.542051,-2.0251951,1
-23.692198,-4.0383873,1
-23.814491,-2.9617977,1
22.20443,8.595431,2
-23.938375,-4.4367247,1
21.215384,7.1885734,2
-24.399567,-2.068436,1
20.185776,8.439116,2
23.354755,9.420394,2
-23.557306,-5.7989483,1
-22.657568,-3.8170106,1
22.004236,10.409873,2
-1.0754868,-2.6981082,3
-21.865376,-3.3986583,1
5.336826,-23.45895,4
8.439093,-22.965296,4
-25.855112,-2.9277654,1
22.936037,6.8639584,2
20.700155,8.341534,2
-0.31590036,-2.8110962,3
-0.56549144,-0.6762767,3
22.127771,7.572982,2
-5.7692337,22.254822,0
-4.811079,24.52686,0
20.237938,6.3457212,2
-7.3828306,22.109459,0
-4.4480124,21.982265,0
-5.1984143,22.410587,0
-25.47481,-3.2302997,1
-23.776566,-1.9431825,1
1.4792619,-3.9939818,3
-24.818737,-1.9373952,1
7.608514,-22.402193,4
-1.629157,-0.4704102,3
6.4320292,-23.371096,4
0.058966067,-2.2178934,3
6.962736,-23.954002,4
-4.3468037,20.367855,0
6.770341,-23.19566,4
-6.151925,24.429674,0
0.8940586,-2.6715276,3
-1.6749462,-2.2631943,3
20.410458,7.0222926,2
8.5313835,-24.012266,4
-22.724741,-1.5907284,1
-25.477077,-1.8403659,1
-23.668674,-5.00006,1
21.764603,7.9301476,2
0.8533699,0.6975978,3
20.992496,9.343033,2
-23.200794,-3.3428562,1
-26.257277,-5.518914,1
6.3655715,-22.72848,4
21.135418,7.098684,2
0.7541689,-1.4447281,3
-6.7422795,23.030931,0
7.04387,-21.923977,4
-23.470432,-3.9580972,1
8.920365,-22.512365,4
8.301566,-26.4466,4
-4.9740257,22.672073,0
-8.126731,21.675316,0
-22.194803,-4.7363496,1
-1.0670561,-2.9525928,3
-4.458349,21.456808,0
-1.8763759,-2.1372702,3
-25.64678,-2.9172618,1
23.57742,6.462545,2
1.4256796,-2.7885277,3
21.2414,6.643799,2
-24.089773,-4.3065934,1
-24.017536,-4.4618406,1
0.92416596,-2.2720053,3
-6.2598233,20.592314,0
-6.3263283,23.362648,0
8.255041,-25.47013,4
-5.4364004,24.68715,0
1.1553245,-1.3887283,3
22.611082,10.11006,2
8.4416,-25.221004,4
21.495596,9.128845,2
21.310158,8.039917,2
21.826668,9.8287115,2
-7.2343235,23.10884,0
1.2072067,-3.1207817,3
-6.396721,21.421717,0
-25.293161,-4.465776,1
21.62135,7.106422,2
0.0818281,-1.8549463,3
-22.768185,-2.029878,1
6.543309,-22.022318,4
1.0645638,-1.9076803,3
-26.478346,-4.7592235,1
-0.014027171,-1.130987,3
-22.976011,-3.4163654,1
-0.75426733,-4.3219953,3
6.9490867,-22.962389,4
21.925177,7.387672,2
8.52419,-23.796091,4
-4.6039906,21.065302,0
20.9703,8.530361,2
-25.822685,-2.06314,1
-1.0570724,-0.9540536,3
6.6882644,-24.281317,4
-24.53419,-1.5778371,1
-6.661448,20.565212,0
-7.25178,20.370813,0
22.26672,6.346131,2
-5.2231817,21.441355,0
23.440372,6.4663076,2
-3.5868526,23.497812,0
21.00865,8.303747,2
0.9335356,-3.4344268,3
-0.099490054,-3.6440532,3
-0.4880726,-0.08587045,3
22.413822,6.706408,2
7.4346266,-22.175312,4
-6.9255667,22.235975,0
-7.597878,22.693928,0
-4.2764263,23.62561,0
0.40109867,-3.754687,3
-23.357271,-3.283275,1
7.9855504,-23.210382,4
-5.1189265,21.34279,0
-23.684708,-5.391044,1
-5.556525,23.004452,0
7.984105,-22.59728,4
8.588071,-24.12078,4
20.97294,7.7184296,2
-23.142899,-3.04072,1
6.2837057,-23.812756,4
8.266766,-23.93721,4
23.036293,5.710209,2
-23.741274,-4.109475,1
-2.0453682,-3.091615,3
-4.8363256,23.068079,0
-6.4333577,23.020544,0
7.8716307,-22.843153,4
21.692606,8.359332,2
-23.719898,-3.019708,1
0.64428544,-1.8311186,3
-23.36569,-3.858832,1
23.568163,7.8098607,2
7.8175273,-25.79901,4
7.9595313,-21.765272,4
21.22169,8.022163,2
19.312113,8.09908,2
-5.6195908,21.41914,0
20.707678,8.440567,2
8.838677,-23.865093,4
-24.331291,-4.8582134,1
-6.0360217,21.45424,0
-3.7583897,22.410492,0
-1.6635725,-3.0328054,3
8.327855,-22.714169,4
-26.207056,-2.5625603,1
-7.6154914,23.752203,0
-4.7801485,23.611322,0
-5.9247212,21.32632,0
7.038227,-25.862188,4
7.928199,-25.500914,4
-6.520403,22.48323,0
-6.342078,22.910336,0
9.772834,-22.116888,4
-1.8386178,-2.6165788,3
22.245668,8.1352825,2
-24.367653,-3.7360885,1
21.511646,6.4074264,2
21.050306,7.1566668,2
7.404381,-22.768112,4
-4.1054244,23.008266,0
1.14465,-1.072692,3
8.20696,-22.597157,4
-1.279468,-1.6052607,3
-23.983004,-2.090928,1
-7.774056,22.817993,0
-7.445116,23.38722,0
9.618532,-22.422413,4
1.1017141,-3.5036004,3
19.897297,7.04572,2
-0.29612437,-1.2044479,3
-0.05816768,0.08165082,3
22.44068,8.816166,2
7.3366675,-24.564672,4
-0.85482395,-2.9245675,3
-3.3434167,21.84965,0
21.293114,8.717508,2
22.064974,6.647106,2
21.092043,9.196263,2
10.425608,-24.968706,4
-7.828263,20.33012,0
20.76749,7.8011956,2
8.42185,-23.468235,4
-5.5934553,22.053375,0
22.080145,9.319587,2
-0.8248448,0.17600507,3
8.839993,-22.22914,4
-6.4239674,21.774305,0
7.1857905,-23.014292,4
-25.359602,-3.4758682,1
21.582865,6.571836,2
-24.619335,-1.5356767,1
5.220415,-23.353138,4
22.157928,7.620983,2
-0.9252541,-1.4091084,3
-5.4364176,22.550112,0
-5.93839,22.98271,0
-7.285768,21.444292,0
-3.9188213,21.187912,0
8.312609,-22.168156,4
-4.7211604,20.088331,0
-5.0041084,22.275995,0
7.2740707,-21.762083,4
8.575022,-24.483461,4
-24.640497,-2.0725286,1
-24.895506,-3.930372,1
-25.493795,-4.7989364,1
-0.05717198,-3.7434466,3
7.53702,-22.43348,4
-5.6687355,20.75671,0
-5.5640397,22.284517,0
-22.146399,-2.9340026,1
-24.605082,-2.2617178,1
-7.012215,23.922234,0
-22.463146,-2.4732037,1
19.781694,6.5277247,2
5.8868036,-22.67172,4
21.907635,7.3218236,2
7.411337,-21.97666,4
-4.927866,21.547756,0
-26.0679,-3.8899226,1
-0.2767843,-2.7492194,3
-7.8725967,21.09431,0
-23.044888,-4.431663,1
22.06323,8.031419,2
-3.155878,21.394632,0
-3.9516838,20.473986,0
6.910581,-25.557737,4
-5.528964,23.17138,0
-4.393609,23.157648,0
8.203075,-24.035376,4
6.5188966,-24.025927,4
7.7283864,-25.794685,4
5.618485,-24.069216,4
21.92537,5.519395,2
23.914532,8.873633,2
-5.441564,23.481445,0
1.5486568,-0.44780594,3
-5.667018,22.365137,0
0.18575269,-1.7097993,3
-24.095116,-4.549143,1
7.267732,-25.273827,4
8.636955,-21.737375,4
1.9201139,-0.49545866,3
-4.388987,22.985312,0
8.558266,-23.314842,4
-22.895678,-2.8234563,1
-2.1776488,-2.7260914,3
21.092873,6.198498,2
7.419223,-22.798334,4
21.95914,7.70638,2
22.617815,7.0034723,2
-24.07807,-3.2495885,1
-0.14697374,-0.6625378,3
8.019733,-24.376951,4
-6.878576,22.44812,0
5.1396174,-23.34339,4
24.422232,7.4575186,2
19.23509,8.253225,2
-0.29042488,-1.4853584,3
0.82850367,-4.103537,3
21.511562,7.9548087,2
-5.2769456,22.481653,0
9.405839,-25.24644,4
6.4871216,-25.693466,4
22.617651,5.7966485,2
0.78005344,-2.3913774,3
-3.7798169,23.687595,0
-5.8822656,20.975471,0
-1.1672939,-1.2687322,3
5.668659,-23.185389,4
0.5515036,-2.6782448,3
-6.2808137,24.30775,0
8.098861,-22.776413,4
21.880968,7.070697,2
-25.559767,-6.3255234,1
-3.370579,22.048668,0
-26.856848,-4.907347,1
22.818714,7.2560644,2
22.212254,7.919352,2
7.8628044,-24.458952,4
-0.71865237,-3.2369325,3
6.3728857,-22.136995,4
-0.11244194,-3.0808883,3
-25.482742,-3.4078455,1
-0.16765004,-2.6733665,3
24.076708,7.31297,2
24.082644,6.945234,2
9.421725,-25.594862,4
-5.5798545,23.042969,0
-4.8455834,22.460611,0
-2.2288291,-1.4691738,3
-6.0656724,20.225235,0
-22.459728,-2.8970487,1
6.432632,-24.00279,4
-26.38203,-3.2675154,1
-2.0149372,-3.0162454,3
22.468164,9.229249,2
22.071955,8.113671,2
8.827529,-25.669352,4
1.5422318,0.117076635,3
1.0657874,-1.4822325,3
-24.266941,-5.05448,1
7.9408503,-25.140972,4
-25.268969,-2.1929343,1
-6.384997,22.299423,0
23.788366,6.9742103,2
6.540642,-21.904985,4
-4.2773204,22.270424,0
1.1212456,-3.0286896,3
-25.213732,-3.2284887,1
-0.42628184,-1.7156619,3
-7.9098234,22.670328,0
-23.0124,-4.5725884,1
21.781374,9.08953,2
-24.880508,-4.6908374,1
1.6478158,-2.5314476,3
7.6498847,-24.727375,4
-7.090067,22.80166,0
-4.7827487,21.672459,0
-0.5687266,-1.1934173,3
0.6324337,-3.155216,3
-5.661137,22.423126,0
20.77051,8.913555,2
1.6532878,-3.204649,3
21.098045,7.458863,2
0.31186894,-3.2404323,3
-1.783718,-1.6383669,3
8.317879,-22.265482,4
7.1879253,-24.04664,4
-26.45064,-4.0012345,1
7.18603,-22.812403,4
-6.330371,21.69271,0
8.414721,-23.385986,4
-4.8269343,22.848402,0
22.106428,8.263099,2
-0.45722306,0.124685995,3
-5.581415,21.975775,0
1.1939404,-2.2364607,3
24.445671,8.443899,2
7.6481404,-22.995075,4
-23.21021,-2.2731555,1
-23.908262,-5.7706604,1
-0.06667477,-1.0119668,3
-6.1329317,24.378698,0
19.937014,6.089384,2
0.24251218,-2.282112,3
0.15793644,-2.9997935,3
-6.940598,22.945358,0
23.989084,8.343697,2
-23.32819,-4.440877,1
-23.988659,-2.9163713,1
8.162855,-21.70191,4
-0.8546784,-1.3930593,3
-22.929335,-4.8318286,1
8.996585,-25.589657,4
8.654081,-24.468193,4
5.543786,-22.237024,4
-23.61262,-2.7718842,1
0.52237594,-1.7611111,3
23.257265,7.99182,2
-26.354628,-2.61473,1
7.8564487,-25.374369,4
-22.873413,-4.2324934,1
0.6610486,-0.82678103,3
-6.2460365,22.927675,0
-5.2049747,22.287762,0
20.930471,10.611984,2
-26.213896,-2.0541553,1
-5.6237717,23.041945,0
6.870388,-24.017183,4
20.275486,8.014058,2
-25.075497,-4.830425,1
22.33347,6.990746,2
5.3219585,-24.105024,4
-0.24063605,-2.657682,3
-7.212089,20.133669,0
-1.2088877,-2.3059487,3
-0.37583166,-1.6740156,3
-4.8480277,20.619106,0
0.8114548,-3.3900645,3
22.169977,6.4831967,2
-6.9887166,21.604357,0
-24.981726,-5.2583256,1
7.3911476,-24.66558,4
20.045977,7.768237,2
8.0746,-25.54098,4
7.7054768,-23.29906,4
9.0189705,-23.351194,4
9.219004,-22.693249,4
9.527345,-22.42569,4
6.332913,-22.348751,4
-6.5382595,22.629232,0
-5.2929044,23.557976,0
-4.377127,21.384445,0
7.0610166,-21.878263,4
-25.44252,-5.082672,1
-6.03712,22.131405,0
-24.165226,-3.7249596,1
21.74237,8.32375,2
0.8673335,-2.2931833,3
21.350508,8.148717,2
-7.0474215,20.671236,0
-0.057837393,-3.2349992,3
-25.576162,-2.9076939,1
-0.6433754,-0.22451484,3
7.9761963,-22.95501,4
-6.974307,23.73313,0
-22.482725,-3.3158967,1
7.1025515,-22.485964,4
-23.414795,-2.317196,1
-0.35029638,-2.572764,3
7.3836927,-23.867355,4
22.419962,8.742911,2
9.42114,-24.121803,4
-5.0824447,22.278948,0
-4.728257,23.76562,0
22.942041,8.25874,2
-22.950947,-3.2064428,1
-0.019763328,-0.060070354,3
-0.39050615,-2.0290835,3
-24.71446,-1.8274573,1
-22.578176,-3.6743217,1
0.048224777,-4.180077,3
-26.136929,-5.3506317,1
-26.418653,-3.4778903,1
-6.076631,22.228973,0
-0.79840744,-4.2311125,3
-6.3914385,23.99398,0
-7.5901356,22.860212,0
0.29637423,-2.108695,3
-23.60979,-4.532517,1
20.990904,6.8752756,2
7.6235256,-23.349152,4
22.458435,6.847715,2
1.3517096,-0.76676446,3
20.382597,6.9454494,2
5.5991316,-23.897808,4
-5.6372595,22.556528,0
-6.2383447,21.898258,0
-23.737364,-5.6710835,1
-7.351163,22.142633,0
-4.357896,24.51752,0
-6.1044726,21.248848,0
22.148525,5.841733,2
22.322216,8.54019,2
-24.311312,-5.038199,1
-4.7722316,23.665668,0
-6.186749,23.053936,0
22.266043,9.003971,2
-4.6446586,22.205492,0
-24.766008,-3.5248988,1
-1.4858558,0.16969143,3
0.2066227,-2.567348,3
-24.677547,-2.8226404,1
7.294288,-21.779446,4
-24.035995,-5.5967426,1
22.713781,6.7675014,2
-25.700743,-5.1106133,1
22.78588,8.618524,2
20.095274,7.213777,2
-22.593239,-3.9957767,1
8.08757,-23.044146,4
8.946721,-22.13836,4
7.293052,-24.275805,4
-24.515953,-6.5250354,1
21.265543,8.563423,2
-6.899487,22.226788,0
-0.207474,-2.025227,3
-23.857523,-3.3041792,1
-2.127867,-1.1989388,3
-5.82256,23.22085,0
-26.405458,-2.7565114,1
-24.30036,-2.5643327,1
21.566515,6.5912757,2
-0.030349005,-3.84647,3
-26.459524,-2.3447392,1
-5.6116247,22.01451,0
-0.90191495,-2.6145148,3
-7.580553,24.082945,0
-5.099856,23.023407,0
-3.7014294,24.13747,0
23.45695,9.85881,2
22.623053,8.799704,2
-4.3095117,21.537275,0
-5.0849953,21.824759,0
1.3836362,-2.924007,3
-26.696512,-4.560559,1
-6.467464,21.165546,0
-4.5897913,23.640778,0
-23.36818,-4.150956,1
23.859467,7.2389402,2
6.3444448,-23.942575,4
7.5237465,-24.555534,4
-7.009276,23.169209,0
22.503134,7.59468,2
21.567083,8.871324,2
-22.302473,-5.0959024,1
7.5038853,-22.04014,4
6.624675,-25.230776,4
22.68933,6.038592,2
7.1060224,-24.669455,4
8.787161,-22.168219,4
-0.6730405,-1.9093361,3
7.0126944,-22.268194,4
-23.318464,-3.5556138,1
-24.669758,-2.7753174,1
6.461315,-22.588974,4
-24.917393,-4.8410773,1
8.135107,-21.478632,4
-24.001696,-5.969849,1
20.684635,6.8430233,2
-7.6447945,22.33689,0
22.859285,7.810422,2
7.8590403,-24.855436,4
-22.616022,-5.3916144,1
-26.53082,-3.6856916,1
22.449867,7.7450776,2
-3.8779938,22.61309,0
-5.019563,23.796663,0
-23.630285,-2.1102743,1
21.45509,6.0644875,2
-0.5969863,-1.371221,3
0.46304283,0.6833578,3
-23.82525,-3.1051254,1
-25.151289,-3.1202903,1
-24.048412,-6.110674,1
-25.07467,-3.3237255,1
19.577278,8.90557,2
-6.7149773,23.272072,0
0.9544939,-3.654617,3
19.439175,7.8821645,2
7.014873,-22.840466,4
-4.812375,24.607004,0
7.6960354,-23.073492,4
1.5803791,-1.3925501,3
-25.924704,-4.2938266,1
-23.070625,-4.370025,1
-0.013668302,-3.0313668,3
1.8845329,-1.005544,3
7.255003,-24.818676,4
1.764869,-2.608184,3
21.783539,10.578323,2
-0.17692433,-0.7197112,3
21.2258,8.998531,2
22.735474,6.8791547,2
20.191248,7.8743205,2
-22.367468,-3.5957465,1
6.783186,-23.302933,4
-6.331987,24.464243,0
8.748607,-22.719135,4
-6.159906,21.902817,0
20.125902,7.603378,2
21.171494,6.3384733,2
8.122837,-23.731812,4
-7.067922,23.576527,0
-24.142817,-1.1741372,1
6.3984194,-23.015274,4
-25.783867,-3.4379313,1
7.028538,-22.067766,4
-23.995249,-5.3321896,1
-5.47894,20.641209,0
21.381937,8.411935,2
21.266153,7.9522004,2
-0.23905876,-2.7752917,3
22.11852,5.7782598,2
-5.985357,19.480783,0
21.389671,9.632776,2
6.7148476,-24.08119,4
-1.4133945,-3.510244,3
-24.23362,-4.151083,1
7.09736,-21.587748,4
-7.329731,23.052715,0
6.8011556,-25.698145,4
2.0642946,-3.2968707,3
-22.237333,-4.7280025,1
8.204066,-21.521166,4
8.906993,-25.072203,4
-23.523367,-4.6447253,1
7.784519,-23.76409,4
20.88904,9.228995,2
-0.0750843,-1.0617201,3
-5.9154544,21.3971,0
-3.898051,20.423155,0
1.7905596,-4.155466,3
21.477858,8.767323,2
-23.988125,-3.3642092,1
22.88956,7.2435846,2
-4.7634425,21.375256,0
7.8067074,-23.10451,4
-23.853052,-3.3444014,1
-5.290419,22.54521,0
-22.38468,-2.2988057,1
23.37947,8.626042,2
-26.974346,-3.3421302,1
-23.967916,-2.2108762,1
21.027859,7.9155602,2
-23.613066,-3.849378,1
1.2580985,-0.88447434,3
23.78596,6.6898685,2
-25.720343,-5.88737,1
-23.959412,-3.964846,1
-6.4996886,19.730576,0
-1.3586215,-2.6857555,3
1.1150727,-3.1751904,3
-4.0450516,23.022137,0
-5.6176114,23.978138,0
21.569052,7.812487,2
21.628506,7.2149844,2
5.9226527,-24.30669,4
-25.656336,-5.768866,1
-5.136955,23.408276,0
-5.335975,22.720716,0
0.3220211,-2.8257987,3
-25.373777,-3.7711418,1
8.487528,-21.783634,4
19.53012,6.3343115,2
-7.0228024,21.495361,0
22.425817,8.399413,2
-1.2100488,-2.383499,3
-25.148167,-3.5181253,1
23.359682,7.172038,2
21.95298,7.422915,2
0.005251923,-1.802156,3
-23.485268,-4.193904,1
-24.450607,-4.4150004,1
-4.267224,22.898178,0
8.232186,-23.802826,4
5.3876357,-23.384295,4
-6.13394,23.661469,0
7.7776375,-22.04854,4
8.227297,-22.68184,4
-5.9103065,23.935099,0
-24.915817,-6.2093773,1
1.8254217,-3.458367,3
-3.5751097,23.130672,0
23.558119,8.623065,2
-0.76694065,-2.2273386,3
7.0425234,-25.678389,4
-4.84393,23.205566,0
-1.5125675,-2.3568506,3
-7.70947,22.091516,0
20.74556,7.75051,2
-5.280189,21.729723,0
-25.873623,-1.5864348,1
21.337378,8.579058,2
8.893327,-21.833418,4
23.719978,9.313283,2
-0.120433815,-2.0004163,3
-6.7077436,21.68483,0
20.546925,5.833352,2
-22.175686,-2.909554,1
7.5021257,-23.891739,4
0.9207192,-2.4502382,3
-4.4480214,23.451532,0
-24.899662,-3.592677,1
-5.6160035,21.49848,0
-23.198732,-2.9443543,1
-24.09002,-3.9573154,1
0.40683225,-0.74276125,3
-23.966946,-3.695215,1
-24.559984,-2.3417156,1
-5.372536,19.424103,0
6.6778483,-23.279615,4
-0.6464503,-0.41615915,3
-0.12163399,-3.517749,3
